t, Cu_aqueous,t, Cu_sorbed
0.00000,0.476123,0.00000,2.72741e-06
0.01000,0.892595,0.01000,1.22723e-05
0.02000,0.837824,0.02000,1.8532e-05
0.03000,0.794422,0.03000,2.34924e-05
0.04000,0.756705,0.04000,2.7803e-05
0.05000,0.72173,0.05000,3.18002e-05
0.06000,0.687413,0.06000,3.57222e-05
0.07000,0.655615,0.07000,3.93564e-05
0.08000,0.624684,0.08000,4.28914e-05
0.09000,0.595488,0.09000,4.62283e-05
0.10000,0.567618,0.10000,4.94135e-05
0.11000,0.54081,0.11000,5.24773e-05
0.12000,0.515708,0.12000,5.53462e-05
0.13000,0.491094,0.13000,5.81593e-05
0.14000,0.468493,0.14000,6.07423e-05
0.15000,0.446303,0.15000,6.32784e-05
0.16000,0.425552,0.16000,6.565e-05
0.17000,0.405554,0.17000,6.79355e-05
0.18000,0.386501,0.18000,7.01131e-05
0.19000,0.368486,0.19000,7.2172e-05
0.20000,0.350991,0.20000,7.41714e-05
0.21000,0.334769,0.21000,7.60255e-05
0.22000,0.318851,0.22000,7.78447e-05
0.23000,0.304102,0.23000,7.95304e-05
0.24000,0.289755,0.24000,8.11701e-05
0.25000,0.276212,0.25000,8.27178e-05
0.26000,0.263285,0.26000,8.41952e-05
0.27000,0.25085,0.27000,8.56164e-05
0.28000,0.239207,0.28000,8.69471e-05
0.29000,0.22779,0.29000,8.82519e-05
0.30000,0.217307,0.30000,8.945e-05
0.31000,0.207014,0.31000,9.06264e-05
0.32000,0.197389,0.32000,9.17264e-05
0.33000,0.188113,0.33000,9.27865e-05
0.34000,0.179275,0.34000,9.37966e-05
0.35000,0.170919,0.35000,9.47516e-05
0.36000,0.162804,0.36000,9.5679e-05
0.37000,0.15528,0.37000,9.6539e-05
0.38000,0.147897,0.38000,9.73828e-05
0.39000,0.141055,0.39000,9.81647e-05
0.40000,0.1344,0.40000,9.89253e-05
0.41000,0.128119,0.41000,9.96432e-05
0.42000,0.122123,0.42000,0.000100328
0.43000,0.116355,0.43000,0.000100988
0.44000,0.110954,0.44000,0.000101605
0.45000,0.105659,0.45000,0.00010221
0.46000,0.100796,0.46000,0.000102766
0.47000,0.0960219,0.47000,0.000103312
0.48000,0.0915572,0.48000,0.000103822
0.49000,0.0872548,0.49000,0.000104313
0.50000,0.0831554,0.50000,0.000104782
0.51000,0.0792796,0.51000,0.000105225
0.52000,0.0755156,0.52000,0.000105655
0.53000,0.0720253,0.53000,0.000106054
0.54000,0.0686007,0.54000,0.000106445
0.55000,0.0654274,0.55000,0.000106808
0.56000,0.0623406,0.56000,0.000107161
0.57000,0.0594269,0.57000,0.000107494
0.58000,0.0566457,0.58000,0.000107812
0.59000,0.0539704,0.59000,0.000108118
0.60000,0.0514653,0.60000,0.000108404
0.61000,0.0490089,0.61000,0.000108685
0.62000,0.0467535,0.62000,0.000108942
0.63000,0.0445391,0.63000,0.000109195
0.64000,0.0424682,0.64000,0.000109432
0.65000,0.0404725,0.65000,0.00010966
0.66000,0.0385711,0.66000,0.000109877
0.67000,0.0367733,0.67000,0.000110083
0.68000,0.0350274,0.68000,0.000110282
0.69000,0.0334085,0.69000,0.000110468
0.70000,0.03182,0.70000,0.000110649
0.71000,0.0303481,0.71000,0.000110817
0.72000,0.0289163,0.72000,0.000110981
0.73000,0.0275648,0.73000,0.000111135
0.74000,0.0262747,0.74000,0.000111283
0.75000,0.0250338,0.75000,0.000111425
0.76000,0.0238719,0.76000,0.000111557
0.77000,0.0227325,0.77000,0.000111688
0.78000,0.0216863,0.78000,0.000111807
0.79000,0.0206592,0.79000,0.000111925
0.80000,0.0196986,0.80000,0.000112034
0.81000,0.018773,0.81000,0.00011214
0.82000,0.017891,0.82000,0.000112241
0.83000,0.0170571,0.83000,0.000112336
0.84000,0.0162473,0.84000,0.000112429
0.85000,0.0154964,0.85000,0.000112515
0.86000,0.0147369,0.86000,0.000112601
0.87000,0.0138508,0.87000,0.000112703
0.88000,0.013005,0.88000,0.000112799
0.89000,0.0122401,0.89000,0.000112887
0.90000,0.0114751,0.90000,0.000112974
0.91000,0.0109699,0.91000,0.000113032
0.92000,0.0104746,0.92000,0.000113089
0.93000,0.00997932,0.93000,0.000113145
0.94000,0.0095384,0.94000,0.000113196
0.95000,0.00911086,0.95000,0.000113244
0.96000,0.00868332,0.96000,0.000113293
0.97000,0.00829331,0.97000,0.000113338
0.98000,0.00792424,0.98000,0.00011338
0.99000,0.00755516,0.99000,0.000113422
1.00000,0.00721038,1.00000,0.000113462
1.01000,0.00689178,1.01000,0.000113498
1.02000,0.00657317,1.02000,0.000113534
1.03000,0.00626855,1.03000,0.000113569
1.04000,0.00599351,1.04000,0.000113601
1.05000,0.00571848,1.05000,0.000113632
1.06000,0.00544948,1.06000,0.000113663
1.07000,0.00521205,1.07000,0.00011369
1.08000,0.00497462,1.08000,0.000113717
1.09000,0.0047372,1.09000,0.000113744
1.10000,0.00453224,1.10000,0.000113768
1.11000,0.00432728,1.11000,0.000113791
1.12000,0.00412232,1.12000,0.000113815
1.13000,0.00394089,1.13000,0.000113835
1.14000,0.00376396,1.14000,0.000113856
1.15000,0.00358703,1.15000,0.000113876
1.16000,0.00342653,1.16000,0.000113894
1.17000,0.00327379,1.17000,0.000113912
1.18000,0.00312105,1.18000,0.000113929
1.19000,0.00297915,1.19000,0.000113945
1.20000,0.0028473,1.20000,0.00011396
1.21000,0.00271545,1.21000,0.000113975
1.22000,0.00259005,1.22000,0.00011399
1.23000,0.00247623,1.23000,0.000114003
1.24000,0.00236241,1.24000,0.000114016
1.25000,0.00225167,1.25000,0.000114028
1.26000,0.00215341,1.26000,0.00011404
1.27000,0.00205516,1.27000,0.000114051
1.28000,0.0019574,1.28000,0.000114062
1.29000,0.00187258,1.29000,0.000114072
1.30000,0.00178776,1.30000,0.000114081
1.31000,0.00170295,1.31000,0.000114091
1.32000,0.00162829,1.32000,0.0001141
1.33000,0.00155507,1.33000,0.000114108
1.34000,0.00148185,1.34000,0.000114116
1.35000,0.0014158,1.35000,0.000114124
1.36000,0.00135259,1.36000,0.000114131
1.37000,0.00128939,1.37000,0.000114138
1.38000,0.00123098,1.38000,0.000114145
1.39000,0.00117642,1.39000,0.000114151
1.40000,0.00112185,1.40000,0.000114157
1.41000,0.00107024,1.41000,0.000114163
1.42000,0.00102314,1.42000,0.000114169
1.43000,0.000976033,1.43000,0.000114174
1.44000,0.000930442,1.44000,0.000114179
1.45000,0.000889781,1.45000,0.000114184
1.46000,0.000849119,1.46000,0.000114189
1.47000,0.00080887,1.47000,0.000114193
1.48000,0.000773769,1.48000,0.000114197
1.49000,0.000738668,1.49000,0.000114201
1.50000,0.000703567,1.50000,0.000114205
1.51000,0.000672851,1.51000,0.000114209
1.52000,0.00064255,1.52000,0.000114212
1.53000,0.000612249,1.53000,0.000114216
1.54000,0.000585069,1.54000,0.000114219
1.55000,0.000558912,1.55000,0.000114222
1.56000,0.000532754,1.56000,0.000114225
1.57000,0.000508717,1.57000,0.000114228
1.58000,0.000486136,1.58000,0.00011423
1.59000,0.000463556,1.59000,0.000114233
1.60000,0.00044231,1.60000,0.000114235
1.61000,0.000422817,1.61000,0.000114237
1.62000,0.000403325,1.62000,0.00011424
1.63000,0.000384556,1.63000,0.000114242
1.64000,0.000367729,1.64000,0.000114244
1.65000,0.000350902,1.65000,0.000114246
1.66000,0.000334331,1.66000,0.000114248
1.67000,0.000319805,1.67000,0.000114249
1.68000,0.000305279,1.68000,0.000114251
1.69000,0.000290753,1.69000,0.000114252
1.70000,0.000278115,1.70000,0.000114254
1.71000,0.000265576,1.71000,0.000114255
1.72000,0.000253036,1.72000,0.000114257
1.73000,0.000241851,1.73000,0.000114258
1.74000,0.000231027,1.74000,0.000114259
1.75000,0.000220202,1.75000,0.000114261
1.76000,0.000210309,1.76000,0.000114262
1.77000,0.000200965,1.77000,0.000114263
1.78000,0.00019162,1.78000,0.000114264
1.79000,0.000182875,1.79000,0.000114265
1.80000,0.000174808,1.80000,0.000114266
1.81000,0.000166742,1.81000,0.000114267
1.82000,0.000159015,1.82000,0.000114268
1.83000,0.000152052,1.83000,0.000114268
1.84000,0.000145088,1.84000,0.000114269
1.85000,0.000138266,1.85000,0.00011427
1.86000,0.000132254,1.86000,0.000114271
1.87000,0.000126243,1.87000,0.000114271
1.88000,0.000120232,1.88000,0.000114272
1.89000,0.000115032,1.89000,0.000114273
1.90000,0.000109843,1.90000,0.000114273
1.91000,0.000104654,1.91000,0.000114274
1.92000,0.000100051,1.92000,0.000114274
1.93000,9.55718e-05,1.93000,0.000114275
1.94000,9.10921e-05,1.94000,0.000114275
1.95000,8.70208e-05,1.95000,0.000114276
1.96000,8.31537e-05,1.96000,0.000114276
1.97000,7.92867e-05,1.97000,0.000114277
1.98000,7.56873e-05,1.98000,0.000114277
1.99000,7.2349e-05,1.99000,0.000114277
2.00000,6.90107e-05,2.00000,0.000114278
2.01000,6.58303e-05,2.01000,0.000114278
2.02000,6.29485e-05,2.02000,0.000114279
2.03000,6.00667e-05,2.03000,0.000114279
2.04000,5.72579e-05,2.04000,0.000114279
2.05000,5.47703e-05,2.05000,0.000114279
2.06000,5.22826e-05,2.06000,0.00011428
2.07000,4.98033e-05,2.07000,0.00011428
2.08000,4.76558e-05,2.08000,0.00011428
2.09000,4.55083e-05,2.09000,0.000114281
2.10000,4.33608e-05,2.10000,0.000114281
2.11000,4.1467e-05,2.11000,0.000114281
2.12000,3.96132e-05,2.12000,0.000114281
2.13000,3.77594e-05,2.13000,0.000114281
2.14000,3.60839e-05,2.14000,0.000114282
2.15000,3.44836e-05,2.15000,0.000114282
2.16000,3.28833e-05,2.16000,0.000114282
2.17000,3.14018e-05,2.17000,0.000114282
2.18000,3.00203e-05,2.18000,0.000114282
2.19000,2.86388e-05,2.19000,0.000114282
2.20000,2.73297e-05,2.20000,0.000114283
2.21000,2.61371e-05,2.21000,0.000114283
2.22000,2.49445e-05,2.22000,0.000114283
2.23000,2.37882e-05,2.23000,0.000114283
2.24000,2.27587e-05,2.24000,0.000114283
2.25000,2.17292e-05,2.25000,0.000114283
2.26000,2.07084e-05,2.26000,0.000114283
2.27000,1.98197e-05,2.27000,0.000114283
2.28000,1.8931e-05,2.28000,0.000114284
2.29000,1.80423e-05,2.29000,0.000114284
2.30000,1.72631e-05,2.30000,0.000114284
2.31000,1.64959e-05,2.31000,0.000114284
2.32000,1.57287e-05,2.32000,0.000114284
2.33000,1.50393e-05,2.33000,0.000114284
2.34000,1.4377e-05,2.34000,0.000114284
2.35000,1.37147e-05,2.35000,0.000114284
2.36000,1.30137e-05,2.36000,0.000114284
2.37000,1.22847e-05,2.37000,0.000114284
2.38000,1.15556e-05,2.38000,0.000114284
2.39000,1.08938e-05,2.39000,0.000114284
2.40000,1.0325e-05,2.40000,0.000114285
2.41000,9.75614e-06,2.41000,0.000114285
2.42000,9.18729e-06,2.42000,0.000114285
2.43000,8.6504e-06,2.43000,0.000114285
2.44000,8.23684e-06,2.44000,0.000114285
2.45000,7.82328e-06,2.45000,0.000114285
2.46000,7.40973e-06,2.46000,0.000114285
2.47000,6.99617e-06,2.47000,0.000114285
2.48000,6.58261e-06,2.48000,0.000114285
2.49000,6.25006e-06,2.49000,0.000114285
2.50000,5.97447e-06,2.50000,0.000114285
2.51000,5.69889e-06,2.51000,0.000114285
2.52000,5.4233e-06,2.52000,0.000114285
2.53000,5.14771e-06,2.53000,0.000114285
2.54000,4.87213e-06,2.54000,0.000114285
2.55000,4.59654e-06,2.55000,0.000114285
2.56000,4.3315e-06,2.56000,0.000114285
2.57000,4.16624e-06,2.57000,0.000114285
2.58000,4.00097e-06,2.58000,0.000114285
2.59000,3.83571e-06,2.59000,0.000114285
2.60000,3.67044e-06,2.60000,0.000114285
2.61000,3.50518e-06,2.61000,0.000114285
2.62000,3.33991e-06,2.62000,0.000114285
2.63000,3.17465e-06,2.63000,0.000114285
2.64000,3.00938e-06,2.64000,0.000114285
2.65000,2.84412e-06,2.65000,0.000114285
2.66000,2.68717e-06,2.66000,0.000114285
2.67000,2.59973e-06,2.67000,0.000114285
2.68000,2.51229e-06,2.68000,0.000114285
2.69000,2.42485e-06,2.69000,0.000114285
2.70000,2.33741e-06,2.70000,0.000114285
2.71000,2.24997e-06,2.71000,0.000114285
2.72000,2.16253e-06,2.72000,0.000114285
2.73000,2.07509e-06,2.73000,0.000114285
2.74000,1.98766e-06,2.74000,0.000114285
2.75000,1.90022e-06,2.75000,0.000114285
2.76000,1.81278e-06,2.76000,0.000114286
2.77000,1.72534e-06,2.77000,0.000114286
2.78000,1.6379e-06,2.78000,0.000114286
2.79000,1.55046e-06,2.79000,0.000114286
2.80000,1.50044e-06,2.80000,0.000114286
2.81000,1.46045e-06,2.81000,0.000114286
2.82000,1.42047e-06,2.82000,0.000114286
2.83000,1.38048e-06,2.83000,0.000114286
2.84000,1.34049e-06,2.84000,0.000114286
2.85000,1.30051e-06,2.85000,0.000114286
2.86000,1.26052e-06,2.86000,0.000114286
2.87000,1.22054e-06,2.87000,0.000114286
2.88000,1.18055e-06,2.88000,0.000114286
2.89000,1.14056e-06,2.89000,0.000114286
2.90000,1.10058e-06,2.90000,0.000114286
2.91000,1.06059e-06,2.91000,0.000114286
2.92000,1.02061e-06,2.92000,0.000114286
2.93000,9.80619e-07,2.93000,0.000114286
2.94000,9.40633e-07,2.94000,0.000114286
2.95000,9.00647e-07,2.95000,0.000114286
2.96000,8.6066e-07,2.96000,0.000114286
2.97000,8.21429e-07,2.97000,0.000114286
2.98000,8.05945e-07,2.98000,0.000114286
2.99000,7.9046e-07,2.99000,0.000114286
3.00000,7.74975e-07,3.00000,0.000114286
3.01000,7.59491e-07,3.01000,0.000114286
3.02000,7.44006e-07,3.02000,0.000114286
3.03000,7.28522e-07,3.03000,0.000114286
3.04000,7.13037e-07,3.04000,0.000114286
3.05000,6.97552e-07,3.05000,0.000114286
3.06000,6.82068e-07,3.06000,0.000114286
3.07000,6.66583e-07,3.07000,0.000114286
3.08000,6.51098e-07,3.08000,0.000114286
3.09000,6.35614e-07,3.09000,0.000114286
3.10000,6.20129e-07,3.10000,0.000114286
3.11000,6.04645e-07,3.11000,0.000114286
3.12000,5.8916e-07,3.12000,0.000114286
3.13000,5.73675e-07,3.13000,0.000114286
3.14000,5.58191e-07,3.14000,0.000114286
3.15000,5.42706e-07,3.15000,0.000114286
3.16000,5.27221e-07,3.16000,0.000114286
3.17000,5.11737e-07,3.17000,0.000114286
3.18000,4.96252e-07,3.18000,0.000114286
3.19000,4.80767e-07,3.19000,0.000114286
3.20000,4.65283e-07,3.20000,0.000114286
3.21000,4.53515e-07,3.21000,0.000114286
3.22000,4.48536e-07,3.22000,0.000114286
3.23000,4.43557e-07,3.23000,0.000114286
3.24000,4.38577e-07,3.24000,0.000114286
3.25000,4.33598e-07,3.25000,0.000114286
3.26000,4.28619e-07,3.26000,0.000114286
3.27000,4.23639e-07,3.27000,0.000114286
3.28000,4.1866e-07,3.28000,0.000114286
3.29000,4.13681e-07,3.29000,0.000114286
3.30000,4.08701e-07,3.30000,0.000114286
3.31000,4.03722e-07,3.31000,0.000114286
3.32000,3.98742e-07,3.32000,0.000114286
3.33000,3.93763e-07,3.33000,0.000114286
3.34000,3.88784e-07,3.34000,0.000114286
3.35000,3.83804e-07,3.35000,0.000114286
3.36000,3.78825e-07,3.36000,0.000114286
3.37000,3.73846e-07,3.37000,0.000114286
3.38000,3.68866e-07,3.38000,0.000114286
3.39000,3.63887e-07,3.39000,0.000114286
3.40000,3.58908e-07,3.40000,0.000114286
3.41000,3.53928e-07,3.41000,0.000114286
3.42000,3.48949e-07,3.42000,0.000114286
3.43000,3.43969e-07,3.43000,0.000114286
3.44000,3.3899e-07,3.44000,0.000114286
3.45000,3.34011e-07,3.45000,0.000114286
3.46000,3.29031e-07,3.46000,0.000114286
3.47000,3.24052e-07,3.47000,0.000114286
3.48000,3.19073e-07,3.48000,0.000114286
3.49000,3.14093e-07,3.49000,0.000114286
3.50000,3.09114e-07,3.50000,0.000114286
3.51000,3.04134e-07,3.51000,0.000114286
3.52000,2.99155e-07,3.52000,0.000114286
3.53000,2.9709e-07,3.53000,0.000114286
3.54000,2.95824e-07,3.54000,0.000114286
3.55000,2.94559e-07,3.55000,0.000114286
3.56000,2.93294e-07,3.56000,0.000114286
3.57000,2.92029e-07,3.57000,0.000114286
3.58000,2.90763e-07,3.58000,0.000114286
3.59000,2.89498e-07,3.59000,0.000114286
3.60000,2.88233e-07,3.60000,0.000114286
3.61000,2.86968e-07,3.61000,0.000114286
3.62000,2.85702e-07,3.62000,0.000114286
3.63000,2.84437e-07,3.63000,0.000114286
3.64000,2.83172e-07,3.64000,0.000114286
3.65000,2.81907e-07,3.65000,0.000114286
3.66000,2.80641e-07,3.66000,0.000114286
3.67000,2.79376e-07,3.67000,0.000114286
3.68000,2.78111e-07,3.68000,0.000114286
3.69000,2.76846e-07,3.69000,0.000114286
3.70000,2.7558e-07,3.70000,0.000114286
3.71000,2.74315e-07,3.71000,0.000114286
3.72000,2.7305e-07,3.72000,0.000114286
3.73000,2.71785e-07,3.73000,0.000114286
3.74000,2.70519e-07,3.74000,0.000114286
3.75000,2.69254e-07,3.75000,0.000114286
3.76000,2.67989e-07,3.76000,0.000114286
3.77000,2.66723e-07,3.77000,0.000114286
3.78000,2.65458e-07,3.78000,0.000114286
3.79000,2.64193e-07,3.79000,0.000114286
3.80000,2.62928e-07,3.80000,0.000114286
3.81000,2.61662e-07,3.81000,0.000114286
3.82000,2.60397e-07,3.82000,0.000114286
3.83000,2.59132e-07,3.83000,0.000114286
3.84000,2.57867e-07,3.84000,0.000114286
3.85000,2.56601e-07,3.85000,0.000114286
3.86000,2.55336e-07,3.86000,0.000114286
3.87000,2.54071e-07,3.87000,0.000114286
3.88000,2.52806e-07,3.88000,0.000114286
3.89000,2.5154e-07,3.89000,0.000114286
3.90000,2.50275e-07,3.90000,0.000114286
3.91000,2.4901e-07,3.91000,0.000114286
3.92000,2.47745e-07,3.92000,0.000114286
3.93000,2.46479e-07,3.93000,0.000114286
3.94000,2.45214e-07,3.94000,0.000114286
3.95000,2.44614e-07,3.95000,0.000114286
3.96000,2.44311e-07,3.96000,0.000114286
3.97000,2.44007e-07,3.97000,0.000114286
3.98000,2.43703e-07,3.98000,0.000114286
3.99000,2.43399e-07,3.99000,0.000114286
4.00000,2.43095e-07,4.00000,0.000114286
4.01000,2.42792e-07,4.01000,0.000114286
4.02000,2.42488e-07,4.02000,0.000114286
4.03000,2.42184e-07,4.03000,0.000114286
4.04000,2.4188e-07,4.04000,0.000114286
4.05000,2.41576e-07,4.05000,0.000114286
4.06000,2.41273e-07,4.06000,0.000114286
4.07000,2.40969e-07,4.07000,0.000114286
4.08000,2.40665e-07,4.08000,0.000114286
4.09000,2.40361e-07,4.09000,0.000114286
4.10000,2.40057e-07,4.10000,0.000114286
4.11000,2.39754e-07,4.11000,0.000114286
4.12000,2.3945e-07,4.12000,0.000114286
4.13000,2.39146e-07,4.13000,0.000114286
4.14000,2.38842e-07,4.14000,0.000114286
4.15000,2.38538e-07,4.15000,0.000114286
4.16000,2.38235e-07,4.16000,0.000114286
4.17000,2.37931e-07,4.17000,0.000114286
4.18000,2.37627e-07,4.18000,0.000114286
4.19000,2.37323e-07,4.19000,0.000114286
4.20000,2.37019e-07,4.20000,0.000114286
4.21000,2.36716e-07,4.21000,0.000114286
4.22000,2.36412e-07,4.22000,0.000114286
4.23000,2.36108e-07,4.23000,0.000114286
4.24000,2.35804e-07,4.24000,0.000114286
4.25000,2.355e-07,4.25000,0.000114286
4.26000,2.35197e-07,4.26000,0.000114286
4.27000,2.34893e-07,4.27000,0.000114286
4.28000,2.34589e-07,4.28000,0.000114286
4.29000,2.34285e-07,4.29000,0.000114286
4.30000,2.33981e-07,4.30000,0.000114286
4.31000,2.33678e-07,4.31000,0.000114286
4.32000,2.33374e-07,4.32000,0.000114286
4.33000,2.3307e-07,4.33000,0.000114286
4.34000,2.32766e-07,4.34000,0.000114286
4.35000,2.32462e-07,4.35000,0.000114286
4.36000,2.32159e-07,4.36000,0.000114286
4.37000,2.31855e-07,4.37000,0.000114286
4.38000,2.31551e-07,4.38000,0.000114286
4.39000,2.31247e-07,4.39000,0.000114286
4.40000,2.30943e-07,4.40000,0.000114286
4.41000,2.3064e-07,4.41000,0.000114286
4.42000,2.30336e-07,4.42000,0.000114286
4.43000,2.30032e-07,4.43000,0.000114286
4.44000,2.29728e-07,4.44000,0.000114286
4.45000,2.29575e-07,4.45000,0.000114286
4.46000,2.29488e-07,4.46000,0.000114286
4.47000,2.29401e-07,4.47000,0.000114286
4.48000,2.29315e-07,4.48000,0.000114286
4.49000,2.29228e-07,4.49000,0.000114286
4.50000,2.29141e-07,4.50000,0.000114286
4.51000,2.29055e-07,4.51000,0.000114286
4.52000,2.28968e-07,4.52000,0.000114286
4.53000,2.28881e-07,4.53000,0.000114286
4.54000,2.28795e-07,4.54000,0.000114286
4.55000,2.28708e-07,4.55000,0.000114286
4.56000,2.28621e-07,4.56000,0.000114286
4.57000,2.28535e-07,4.57000,0.000114286
4.58000,2.28448e-07,4.58000,0.000114286
4.59000,2.28361e-07,4.59000,0.000114286
4.60000,2.28275e-07,4.60000,0.000114286
4.61000,2.28188e-07,4.61000,0.000114286
4.62000,2.28102e-07,4.62000,0.000114286
4.63000,2.28015e-07,4.63000,0.000114286
4.64000,2.27928e-07,4.64000,0.000114286
4.65000,2.27842e-07,4.65000,0.000114286
4.66000,2.27755e-07,4.66000,0.000114286
4.67000,2.27668e-07,4.67000,0.000114286
4.68000,2.27582e-07,4.68000,0.000114286
4.69000,2.27495e-07,4.69000,0.000114286
4.70000,2.27408e-07,4.70000,0.000114286
4.71000,2.27322e-07,4.71000,0.000114286
4.72000,2.27235e-07,4.72000,0.000114286
4.73000,2.27148e-07,4.73000,0.000114286
4.74000,2.27062e-07,4.74000,0.000114286
4.75000,2.26975e-07,4.75000,0.000114286
4.76000,2.26888e-07,4.76000,0.000114286
4.77000,2.26802e-07,4.77000,0.000114286
4.78000,2.26715e-07,4.78000,0.000114286
4.79000,2.26628e-07,4.79000,0.000114286
4.80000,2.26542e-07,4.80000,0.000114286
4.81000,2.26455e-07,4.81000,0.000114286
4.82000,2.26368e-07,4.82000,0.000114286
4.83000,2.26282e-07,4.83000,0.000114286
4.84000,2.26195e-07,4.84000,0.000114286
4.85000,2.26108e-07,4.85000,0.000114286
4.86000,2.26022e-07,4.86000,0.000114286
4.87000,2.25935e-07,4.87000,0.000114286
4.88000,2.25848e-07,4.88000,0.000114286
4.89000,2.25762e-07,4.89000,0.000114286
4.90000,2.25675e-07,4.90000,0.000114286
4.91000,2.25588e-07,4.91000,0.000114286
4.92000,2.25502e-07,4.92000,0.000114286
4.93000,2.25415e-07,4.93000,0.000114286
4.94000,2.25328e-07,4.94000,0.000114286
4.95000,2.25285e-07,4.95000,0.000114286
4.96000,2.2526e-07,4.96000,0.000114286
4.97000,2.25235e-07,4.97000,0.000114286
4.98000,2.25211e-07,4.98000,0.000114286
4.99000,2.25186e-07,4.99000,0.000114286
5.00000,2.25161e-07,5.00000,0.000114286
5.01000,2.25136e-07,5.01000,0.000114286
5.02000,2.25112e-07,5.02000,0.000114286
5.03000,2.25087e-07,5.03000,0.000114286
5.04000,2.25062e-07,5.04000,0.000114286
5.05000,2.25038e-07,5.05000,0.000114286
5.06000,2.25013e-07,5.06000,0.000114286
5.07000,2.24988e-07,5.07000,0.000114286
5.08000,2.24963e-07,5.08000,0.000114286
5.09000,2.24939e-07,5.09000,0.000114286
5.10000,2.24914e-07,5.10000,0.000114286
5.11000,2.24889e-07,5.11000,0.000114286
5.12000,2.24865e-07,5.12000,0.000114286
5.13000,2.2484e-07,5.13000,0.000114286
5.14000,2.24815e-07,5.14000,0.000114286
5.15000,2.2479e-07,5.15000,0.000114286
5.16000,2.24766e-07,5.16000,0.000114286
5.17000,2.24741e-07,5.17000,0.000114286
5.18000,2.24716e-07,5.18000,0.000114286
5.19000,2.24692e-07,5.19000,0.000114286
5.20000,2.24667e-07,5.20000,0.000114286
5.21000,2.24642e-07,5.21000,0.000114286
5.22000,2.24617e-07,5.22000,0.000114286
5.23000,2.24593e-07,5.23000,0.000114286
5.24000,2.24568e-07,5.24000,0.000114286
5.25000,2.24543e-07,5.25000,0.000114286
5.26000,2.24519e-07,5.26000,0.000114286
5.27000,2.24494e-07,5.27000,0.000114286
5.28000,2.24469e-07,5.28000,0.000114286
5.29000,2.24444e-07,5.29000,0.000114286
5.30000,2.2442e-07,5.30000,0.000114286
5.31000,2.24395e-07,5.31000,0.000114286
5.32000,2.2437e-07,5.32000,0.000114286
5.33000,2.24346e-07,5.33000,0.000114286
5.34000,2.24321e-07,5.34000,0.000114286
5.35000,2.24296e-07,5.35000,0.000114286
5.36000,2.24271e-07,5.36000,0.000114286
5.37000,2.24247e-07,5.37000,0.000114286
5.38000,2.24222e-07,5.38000,0.000114286
5.39000,2.24197e-07,5.39000,0.000114286
5.40000,2.24173e-07,5.40000,0.000114286
5.41000,2.24148e-07,5.41000,0.000114286
5.42000,2.24123e-07,5.42000,0.000114286
5.43000,2.24098e-07,5.43000,0.000114286
5.44000,2.24074e-07,5.44000,0.000114286
5.45000,2.24061e-07,5.45000,0.000114286
5.46000,2.24054e-07,5.46000,0.000114286
5.47000,2.24047e-07,5.47000,0.000114286
5.48000,2.2404e-07,5.48000,0.000114286
5.49000,2.24033e-07,5.49000,0.000114286
5.50000,2.24026e-07,5.50000,0.000114286
5.51000,2.24019e-07,5.51000,0.000114286
5.52000,2.24012e-07,5.52000,0.000114286
5.53000,2.24005e-07,5.53000,0.000114286
5.54000,2.23998e-07,5.54000,0.000114286
5.55000,2.23991e-07,5.55000,0.000114286
5.56000,2.23984e-07,5.56000,0.000114286
5.57000,2.23977e-07,5.57000,0.000114286
5.58000,2.2397e-07,5.58000,0.000114286
5.59000,2.23963e-07,5.59000,0.000114286
5.60000,2.23956e-07,5.60000,0.000114286
5.61000,2.23949e-07,5.61000,0.000114286
5.62000,2.23942e-07,5.62000,0.000114286
5.63000,2.23935e-07,5.63000,0.000114286
5.64000,2.23927e-07,5.64000,0.000114286
5.65000,2.2392e-07,5.65000,0.000114286
5.66000,2.23913e-07,5.66000,0.000114286
5.67000,2.23906e-07,5.67000,0.000114286
5.68000,2.23899e-07,5.68000,0.000114286
5.69000,2.23892e-07,5.69000,0.000114286
5.70000,2.23885e-07,5.70000,0.000114286
5.71000,2.23878e-07,5.71000,0.000114286
5.72000,2.23871e-07,5.72000,0.000114286
5.73000,2.23864e-07,5.73000,0.000114286
5.74000,2.23857e-07,5.74000,0.000114286
5.75000,2.2385e-07,5.75000,0.000114286
5.76000,2.23843e-07,5.76000,0.000114286
5.77000,2.23836e-07,5.77000,0.000114286
5.78000,2.23829e-07,5.78000,0.000114286
5.79000,2.23822e-07,5.79000,0.000114286
5.80000,2.23815e-07,5.80000,0.000114286
5.81000,2.23808e-07,5.81000,0.000114286
5.82000,2.23801e-07,5.82000,0.000114286
5.83000,2.23794e-07,5.83000,0.000114286
5.84000,2.23787e-07,5.84000,0.000114286
5.85000,2.2378e-07,5.85000,0.000114286
5.86000,2.23773e-07,5.86000,0.000114286
5.87000,2.23765e-07,5.87000,0.000114286
5.88000,2.23758e-07,5.88000,0.000114286
5.89000,2.23751e-07,5.89000,0.000114286
5.90000,2.23744e-07,5.90000,0.000114286
5.91000,2.23737e-07,5.91000,0.000114286
5.92000,2.2373e-07,5.92000,0.000114286
5.93000,2.23723e-07,5.93000,0.000114286
5.94000,2.23716e-07,5.94000,0.000114286
5.95000,2.23713e-07,5.95000,0.000114286
5.96000,2.23711e-07,5.96000,0.000114286
5.97000,2.23709e-07,5.97000,0.000114286
5.98000,2.23707e-07,5.98000,0.000114286
5.99000,2.23705e-07,5.99000,0.000114286
6.00000,2.23703e-07,6.00000,0.000114286
6.01000,2.23701e-07,6.01000,0.000114286
6.02000,2.23699e-07,6.02000,0.000114286
6.03000,2.23697e-07,6.03000,0.000114286
6.04000,2.23695e-07,6.04000,0.000114286
6.05000,2.23693e-07,6.05000,0.000114286
6.06000,2.23691e-07,6.06000,0.000114286
6.07000,2.23688e-07,6.07000,0.000114286
6.08000,2.23686e-07,6.08000,0.000114286
6.09000,2.23684e-07,6.09000,0.000114286
6.10000,2.23682e-07,6.10000,0.000114286
6.11000,2.2368e-07,6.11000,0.000114286
6.12000,2.23678e-07,6.12000,0.000114286
6.13000,2.23676e-07,6.13000,0.000114286
6.14000,2.23674e-07,6.14000,0.000114286
6.15000,2.23672e-07,6.15000,0.000114286
6.16000,2.2367e-07,6.16000,0.000114286
6.17000,2.23668e-07,6.17000,0.000114286
6.18000,2.23666e-07,6.18000,0.000114286
6.19000,2.23664e-07,6.19000,0.000114286
6.20000,2.23662e-07,6.20000,0.000114286
6.21000,2.2366e-07,6.21000,0.000114286
6.22000,2.23658e-07,6.22000,0.000114286
6.23000,2.23656e-07,6.23000,0.000114286
6.24000,2.23654e-07,6.24000,0.000114286
6.25000,2.23652e-07,6.25000,0.000114286
6.26000,2.2365e-07,6.26000,0.000114286
6.27000,2.23648e-07,6.27000,0.000114286
6.28000,2.23646e-07,6.28000,0.000114286
6.29000,2.23644e-07,6.29000,0.000114286
6.30000,2.23642e-07,6.30000,0.000114286
6.31000,2.2364e-07,6.31000,0.000114286
6.32000,2.23638e-07,6.32000,0.000114286
6.33000,2.23636e-07,6.33000,0.000114286
6.34000,2.23634e-07,6.34000,0.000114286
6.35000,2.23632e-07,6.35000,0.000114286
6.36000,2.2363e-07,6.36000,0.000114286
6.37000,2.23628e-07,6.37000,0.000114286
6.38000,2.23626e-07,6.38000,0.000114286
6.39000,2.23624e-07,6.39000,0.000114286
6.40000,2.23622e-07,6.40000,0.000114286
6.41000,2.2362e-07,6.41000,0.000114286
6.42000,2.23618e-07,6.42000,0.000114286
6.43000,2.23616e-07,6.43000,0.000114286
6.44000,2.23614e-07,6.44000,0.000114286
6.45000,2.23613e-07,6.45000,0.000114286
6.46000,2.23612e-07,6.46000,0.000114286
6.47000,2.23612e-07,6.47000,0.000114286
6.48000,2.23611e-07,6.48000,0.000114286
6.49000,2.23611e-07,6.49000,0.000114286
6.50000,2.2361e-07,6.50000,0.000114286
6.51000,2.2361e-07,6.51000,0.000114286
6.52000,2.23609e-07,6.52000,0.000114286
6.53000,2.23608e-07,6.53000,0.000114286
6.54000,2.23608e-07,6.54000,0.000114286
6.55000,2.23607e-07,6.55000,0.000114286
6.56000,2.23607e-07,6.56000,0.000114286
6.57000,2.23606e-07,6.57000,0.000114286
6.58000,2.23606e-07,6.58000,0.000114286
6.59000,2.23605e-07,6.59000,0.000114286
6.60000,2.23604e-07,6.60000,0.000114286
6.61000,2.23604e-07,6.61000,0.000114286
6.62000,2.23603e-07,6.62000,0.000114286
6.63000,2.23603e-07,6.63000,0.000114286
6.64000,2.23602e-07,6.64000,0.000114286
6.65000,2.23602e-07,6.65000,0.000114286
6.66000,2.23601e-07,6.66000,0.000114286
6.67000,2.236e-07,6.67000,0.000114286
6.68000,2.236e-07,6.68000,0.000114286
6.69000,2.23599e-07,6.69000,0.000114286
6.70000,2.23599e-07,6.70000,0.000114286
6.71000,2.23598e-07,6.71000,0.000114286
6.72000,2.23598e-07,6.72000,0.000114286
6.73000,2.23597e-07,6.73000,0.000114286
6.74000,2.23596e-07,6.74000,0.000114286
6.75000,2.23596e-07,6.75000,0.000114286
6.76000,2.23595e-07,6.76000,0.000114286
6.77000,2.23595e-07,6.77000,0.000114286
6.78000,2.23594e-07,6.78000,0.000114286
6.79000,2.23594e-07,6.79000,0.000114286
6.80000,2.23593e-07,6.80000,0.000114286
6.81000,2.23592e-07,6.81000,0.000114286
6.82000,2.23592e-07,6.82000,0.000114286
6.83000,2.23591e-07,6.83000,0.000114286
6.84000,2.23591e-07,6.84000,0.000114286
6.85000,2.2359e-07,6.85000,0.000114286
6.86000,2.2359e-07,6.86000,0.000114286
6.87000,2.23589e-07,6.87000,0.000114286
6.88000,2.23588e-07,6.88000,0.000114286
6.89000,2.23588e-07,6.89000,0.000114286
6.90000,2.23587e-07,6.90000,0.000114286
6.91000,2.23587e-07,6.91000,0.000114286
6.92000,2.23586e-07,6.92000,0.000114286
6.93000,2.23586e-07,6.93000,0.000114286
6.94000,2.23585e-07,6.94000,0.000114286
6.95000,2.23585e-07,6.95000,0.000114286
6.96000,2.23585e-07,6.96000,0.000114286
6.97000,2.23584e-07,6.97000,0.000114286
6.98000,2.23584e-07,6.98000,0.000114286
6.99000,2.23584e-07,6.99000,0.000114286
7.00000,2.23584e-07,7.00000,0.000114286
7.01000,2.23584e-07,7.01000,0.000114286
7.02000,2.23584e-07,7.02000,0.000114286
7.03000,2.23583e-07,7.03000,0.000114286
7.04000,2.23583e-07,7.04000,0.000114286
7.05000,2.23583e-07,7.05000,0.000114286
7.06000,2.23583e-07,7.06000,0.000114286
7.07000,2.23583e-07,7.07000,0.000114286
7.08000,2.23583e-07,7.08000,0.000114286
7.09000,2.23582e-07,7.09000,0.000114286
7.10000,2.23582e-07,7.10000,0.000114286
7.11000,2.23582e-07,7.11000,0.000114286
7.12000,2.23582e-07,7.12000,0.000114286
7.13000,2.23582e-07,7.13000,0.000114286
7.14000,2.23582e-07,7.14000,0.000114286
7.15000,2.23581e-07,7.15000,0.000114286
7.16000,2.23581e-07,7.16000,0.000114286
7.17000,2.23581e-07,7.17000,0.000114286
7.18000,2.23581e-07,7.18000,0.000114286
7.19000,2.23581e-07,7.19000,0.000114286
7.20000,2.23581e-07,7.20000,0.000114286
7.21000,2.23581e-07,7.21000,0.000114286
7.22000,2.2358e-07,7.22000,0.000114286
7.23000,2.2358e-07,7.23000,0.000114286
7.24000,2.2358e-07,7.24000,0.000114286
7.25000,2.2358e-07,7.25000,0.000114286
7.26000,2.2358e-07,7.26000,0.000114286
7.27000,2.2358e-07,7.27000,0.000114286
7.28000,2.23579e-07,7.28000,0.000114286
7.29000,2.23579e-07,7.29000,0.000114286
7.30000,2.23579e-07,7.30000,0.000114286
7.31000,2.23579e-07,7.31000,0.000114286
7.32000,2.23579e-07,7.32000,0.000114286
7.33000,2.23579e-07,7.33000,0.000114286
7.34000,2.23578e-07,7.34000,0.000114286
7.35000,2.23578e-07,7.35000,0.000114286
7.36000,2.23578e-07,7.36000,0.000114286
7.37000,2.23578e-07,7.37000,0.000114286
7.38000,2.23578e-07,7.38000,0.000114286
7.39000,2.23578e-07,7.39000,0.000114286
7.40000,2.23577e-07,7.40000,0.000114286
7.41000,2.23577e-07,7.41000,0.000114286
7.42000,2.23577e-07,7.42000,0.000114286
7.43000,2.23577e-07,7.43000,0.000114286
7.44000,2.23577e-07,7.44000,0.000114286
7.45000,2.23577e-07,7.45000,0.000114286
7.46000,2.23577e-07,7.46000,0.000114286
7.47000,2.23577e-07,7.47000,0.000114286
7.48000,2.23577e-07,7.48000,0.000114286
7.49000,2.23577e-07,7.49000,0.000114286
7.50000,2.23577e-07,7.50000,0.000114286
7.51000,2.23576e-07,7.51000,0.000114286
7.52000,2.23576e-07,7.52000,0.000114286
7.53000,2.23576e-07,7.53000,0.000114286
7.54000,2.23576e-07,7.54000,0.000114286
7.55000,2.23576e-07,7.55000,0.000114286
7.56000,2.23576e-07,7.56000,0.000114286
7.57000,2.23576e-07,7.57000,0.000114286
7.58000,2.23576e-07,7.58000,0.000114286
7.59000,2.23576e-07,7.59000,0.000114286
7.60000,2.23576e-07,7.60000,0.000114286
7.61000,2.23576e-07,7.61000,0.000114286
7.62000,2.23576e-07,7.62000,0.000114286
7.63000,2.23576e-07,7.63000,0.000114286
7.64000,2.23576e-07,7.64000,0.000114286
7.65000,2.23576e-07,7.65000,0.000114286
7.66000,2.23576e-07,7.66000,0.000114286
7.67000,2.23576e-07,7.67000,0.000114286
7.68000,2.23576e-07,7.68000,0.000114286
7.69000,2.23576e-07,7.69000,0.000114286
7.70000,2.23576e-07,7.70000,0.000114286
7.71000,2.23576e-07,7.71000,0.000114286
7.72000,2.23576e-07,7.72000,0.000114286
7.73000,2.23575e-07,7.73000,0.000114286
7.74000,2.23575e-07,7.74000,0.000114286
7.75000,2.23575e-07,7.75000,0.000114286
7.76000,2.23575e-07,7.76000,0.000114286
7.77000,2.23575e-07,7.77000,0.000114286
7.78000,2.23575e-07,7.78000,0.000114286
7.79000,2.23575e-07,7.79000,0.000114286
7.80000,2.23575e-07,7.80000,0.000114286
7.81000,2.23575e-07,7.81000,0.000114286
7.82000,2.23575e-07,7.82000,0.000114286
7.83000,2.23575e-07,7.83000,0.000114286
7.84000,2.23575e-07,7.84000,0.000114286
7.85000,2.23575e-07,7.85000,0.000114286
7.86000,2.23575e-07,7.86000,0.000114286
7.87000,2.23575e-07,7.87000,0.000114286
7.88000,2.23575e-07,7.88000,0.000114286
7.89000,2.23575e-07,7.89000,0.000114286
7.90000,2.23575e-07,7.90000,0.000114286
7.91000,2.23575e-07,7.91000,0.000114286
7.92000,2.23575e-07,7.92000,0.000114286
7.93000,2.23575e-07,7.93000,0.000114286
7.94000,2.23575e-07,7.94000,0.000114286
7.95000,2.23575e-07,7.95000,0.000114286
7.96000,2.23575e-07,7.96000,0.000114286
7.97000,2.23574e-07,7.97000,0.000114286
7.98000,2.23574e-07,7.98000,0.000114286
7.99000,2.23574e-07,7.99000,0.000114286
8.00000,2.23574e-07,8.00000,0.000114286
8.01000,2.23574e-07,8.01000,0.000114286
8.02000,2.23574e-07,8.02000,0.000114286
8.03000,2.23574e-07,8.03000,0.000114286
8.04000,2.23574e-07,8.04000,0.000114286
8.05000,2.23574e-07,8.05000,0.000114286
8.06000,2.23574e-07,8.06000,0.000114286
8.07000,2.23574e-07,8.07000,0.000114286
8.08000,2.23574e-07,8.08000,0.000114286
8.09000,2.23574e-07,8.09000,0.000114286
8.10000,2.23574e-07,8.10000,0.000114286
8.11000,2.23574e-07,8.11000,0.000114286
8.12000,2.23574e-07,8.12000,0.000114286
8.13000,2.23574e-07,8.13000,0.000114286
8.14000,2.23574e-07,8.14000,0.000114286
8.15000,2.23574e-07,8.15000,0.000114286
8.16000,2.23574e-07,8.16000,0.000114286
8.17000,2.23574e-07,8.17000,0.000114286
8.18000,2.23574e-07,8.18000,0.000114286
8.19000,2.23574e-07,8.19000,0.000114286
8.20000,2.23574e-07,8.20000,0.000114286
8.21000,2.23574e-07,8.21000,0.000114286
8.22000,2.23574e-07,8.22000,0.000114286
8.23000,2.23574e-07,8.23000,0.000114286
8.24000,2.23574e-07,8.24000,0.000114286
8.25000,2.23574e-07,8.25000,0.000114286
8.26000,2.23574e-07,8.26000,0.000114286
8.27000,2.23574e-07,8.27000,0.000114286
8.28000,2.23574e-07,8.28000,0.000114286
8.29000,2.23574e-07,8.29000,0.000114286
8.30000,2.23574e-07,8.30000,0.000114286
8.31000,2.23574e-07,8.31000,0.000114286
8.32000,2.23574e-07,8.32000,0.000114286
8.33000,2.23574e-07,8.33000,0.000114286
8.34000,2.23574e-07,8.34000,0.000114286
8.35000,2.23574e-07,8.35000,0.000114286
8.36000,2.23574e-07,8.36000,0.000114286
8.37000,2.23574e-07,8.37000,0.000114286
8.38000,2.23574e-07,8.38000,0.000114286
8.39000,2.23574e-07,8.39000,0.000114286
8.40000,2.23574e-07,8.40000,0.000114286
8.41000,2.23574e-07,8.41000,0.000114286
8.42000,2.23574e-07,8.42000,0.000114286
8.43000,2.23574e-07,8.43000,0.000114286
8.44000,2.23574e-07,8.44000,0.000114286
8.45000,2.23574e-07,8.45000,0.000114286
8.46000,2.23574e-07,8.46000,0.000114286
8.47000,2.23574e-07,8.47000,0.000114286
8.48000,2.23574e-07,8.48000,0.000114286
8.49000,2.23574e-07,8.49000,0.000114286
8.50000,2.23574e-07,8.50000,0.000114286
8.51000,2.23574e-07,8.51000,0.000114286
8.52000,2.23574e-07,8.52000,0.000114286
8.53000,2.23574e-07,8.53000,0.000114286
8.54000,2.23574e-07,8.54000,0.000114286
8.55000,2.23574e-07,8.55000,0.000114286
8.56000,2.23574e-07,8.56000,0.000114286
8.57000,2.23574e-07,8.57000,0.000114286
8.58000,2.23574e-07,8.58000,0.000114286
8.59000,2.23574e-07,8.59000,0.000114286
8.60000,2.23574e-07,8.60000,0.000114286
8.61000,2.23574e-07,8.61000,0.000114286
8.62000,2.23574e-07,8.62000,0.000114286
8.63000,2.23574e-07,8.63000,0.000114286
8.64000,2.23574e-07,8.64000,0.000114286
8.65000,2.23574e-07,8.65000,0.000114286
8.66000,2.23574e-07,8.66000,0.000114286
8.67000,2.23574e-07,8.67000,0.000114286
8.68000,2.23574e-07,8.68000,0.000114286
8.69000,2.23574e-07,8.69000,0.000114286
8.70000,2.23574e-07,8.70000,0.000114286
8.71000,2.23574e-07,8.71000,0.000114286
8.72000,2.23574e-07,8.72000,0.000114286
8.73000,2.23574e-07,8.73000,0.000114286
8.74000,2.23574e-07,8.74000,0.000114286
8.75000,2.23574e-07,8.75000,0.000114286
8.76000,2.23574e-07,8.76000,0.000114286
8.77000,2.23574e-07,8.77000,0.000114286
8.78000,2.23574e-07,8.78000,0.000114286
8.79000,2.23574e-07,8.79000,0.000114286
8.80000,2.23574e-07,8.80000,0.000114286
8.81000,2.23574e-07,8.81000,0.000114286
8.82000,2.23574e-07,8.82000,0.000114286
8.83000,2.23574e-07,8.83000,0.000114286
8.84000,2.23574e-07,8.84000,0.000114286
8.85000,2.23574e-07,8.85000,0.000114286
8.86000,2.23574e-07,8.86000,0.000114286
8.87000,2.23574e-07,8.87000,0.000114286
8.88000,2.23574e-07,8.88000,0.000114286
8.89000,2.23574e-07,8.89000,0.000114286
8.90000,2.23574e-07,8.90000,0.000114286
8.91000,2.23574e-07,8.91000,0.000114286
8.92000,2.23574e-07,8.92000,0.000114286
8.93000,2.23574e-07,8.93000,0.000114286
8.94000,2.23574e-07,8.94000,0.000114286
8.95000,2.23574e-07,8.95000,0.000114286
8.96000,2.23574e-07,8.96000,0.000114286
8.97000,2.23574e-07,8.97000,0.000114286
8.98000,2.23574e-07,8.98000,0.000114286
8.99000,2.23574e-07,8.99000,0.000114286
9.00000,2.23574e-07,9.00000,0.000114286
9.01000,2.23574e-07,9.01000,0.000114286
9.02000,2.23574e-07,9.02000,0.000114286
9.03000,2.23574e-07,9.03000,0.000114286
9.04000,2.23574e-07,9.04000,0.000114286
9.05000,2.23574e-07,9.05000,0.000114286
9.06000,2.23574e-07,9.06000,0.000114286
9.07000,2.23574e-07,9.07000,0.000114286
9.08000,2.23574e-07,9.08000,0.000114286
9.09000,2.23574e-07,9.09000,0.000114286
9.10000,2.23574e-07,9.10000,0.000114286
9.11000,2.23574e-07,9.11000,0.000114286
9.12000,2.23574e-07,9.12000,0.000114286
9.13000,2.23574e-07,9.13000,0.000114286
9.14000,2.23574e-07,9.14000,0.000114286
9.15000,2.23574e-07,9.15000,0.000114286
9.16000,2.23574e-07,9.16000,0.000114286
9.17000,2.23574e-07,9.17000,0.000114286
9.18000,2.23574e-07,9.18000,0.000114286
9.19000,2.23574e-07,9.19000,0.000114286
9.20000,2.23574e-07,9.20000,0.000114286
9.21000,2.23574e-07,9.21000,0.000114286
9.22000,2.23574e-07,9.22000,0.000114286
9.23000,2.23574e-07,9.23000,0.000114286
9.24000,2.23574e-07,9.24000,0.000114286
9.25000,2.23574e-07,9.25000,0.000114286
9.26000,2.23574e-07,9.26000,0.000114286
9.27000,2.23574e-07,9.27000,0.000114286
9.28000,2.23574e-07,9.28000,0.000114286
9.29000,2.23574e-07,9.29000,0.000114286
9.30000,2.23574e-07,9.30000,0.000114286
9.31000,2.23574e-07,9.31000,0.000114286
9.32000,2.23574e-07,9.32000,0.000114286
9.33000,2.23574e-07,9.33000,0.000114286
9.34000,2.23574e-07,9.34000,0.000114286
9.35000,2.23574e-07,9.35000,0.000114286
9.36000,2.23574e-07,9.36000,0.000114286
9.37000,2.23574e-07,9.37000,0.000114286
9.38000,2.23574e-07,9.38000,0.000114286
9.39000,2.23574e-07,9.39000,0.000114286
9.40000,2.23574e-07,9.40000,0.000114286
9.41000,2.23574e-07,9.41000,0.000114286
9.42000,2.23574e-07,9.42000,0.000114286
9.43000,2.23574e-07,9.43000,0.000114286
9.44000,2.23574e-07,9.44000,0.000114286
9.45000,2.23574e-07,9.45000,0.000114286
9.46000,2.23574e-07,9.46000,0.000114286
9.47000,2.23574e-07,9.47000,0.000114286
9.48000,2.23574e-07,9.48000,0.000114286
9.49000,2.23574e-07,9.49000,0.000114286
9.50000,2.23574e-07,9.50000,0.000114286
9.51000,2.23574e-07,9.51000,0.000114286
9.52000,2.23574e-07,9.52000,0.000114286
9.53000,2.23574e-07,9.53000,0.000114286
9.54000,2.23574e-07,9.54000,0.000114286
9.55000,2.23574e-07,9.55000,0.000114286
9.56000,2.23574e-07,9.56000,0.000114286
9.57000,2.23574e-07,9.57000,0.000114286
9.58000,2.23574e-07,9.58000,0.000114286
9.59000,2.23574e-07,9.59000,0.000114286
9.60000,2.23574e-07,9.60000,0.000114286
9.61000,2.23574e-07,9.61000,0.000114286
9.62000,2.23574e-07,9.62000,0.000114286
9.63000,2.23574e-07,9.63000,0.000114286
9.64000,2.23574e-07,9.64000,0.000114286
9.65000,2.23574e-07,9.65000,0.000114286
9.66000,2.23574e-07,9.66000,0.000114286
9.67000,2.23574e-07,9.67000,0.000114286
9.68000,2.23574e-07,9.68000,0.000114286
9.69000,2.23574e-07,9.69000,0.000114286
9.70000,2.23574e-07,9.70000,0.000114286
9.71000,2.23574e-07,9.71000,0.000114286
9.72000,2.23574e-07,9.72000,0.000114286
9.73000,2.23574e-07,9.73000,0.000114286
9.74000,2.23574e-07,9.74000,0.000114286
9.75000,2.23574e-07,9.75000,0.000114286
9.76000,2.23574e-07,9.76000,0.000114286
9.77000,2.23574e-07,9.77000,0.000114286
9.78000,2.23574e-07,9.78000,0.000114286
9.79000,2.23574e-07,9.79000,0.000114286
9.80000,2.23574e-07,9.80000,0.000114286
9.81000,2.23574e-07,9.81000,0.000114286
9.82000,2.23574e-07,9.82000,0.000114286
9.83000,2.23574e-07,9.83000,0.000114286
9.84000,2.23574e-07,9.84000,0.000114286
9.85000,2.23574e-07,9.85000,0.000114286
9.86000,2.23574e-07,9.86000,0.000114286
9.87000,2.23574e-07,9.87000,0.000114286
9.88000,2.23574e-07,9.88000,0.000114286
9.89000,2.23574e-07,9.89000,0.000114286
9.90000,2.23574e-07,9.90000,0.000114286
9.91000,2.23574e-07,9.91000,0.000114286
9.92000,2.23574e-07,9.92000,0.000114286
9.93000,2.23574e-07,9.93000,0.000114286
9.94000,2.23574e-07,9.94000,0.000114286
9.95000,2.23574e-07,9.95000,0.000114286
9.96000,2.23574e-07,9.96000,0.000114286
9.97000,2.23574e-07,9.97000,0.000114286
9.98000,2.23574e-07,9.98000,0.000114286
9.99000,2.23574e-07,9.99000,0.000114286
10.00000,2.23574e-07,10.00000,0.000114286
10.01000,2.23574e-07,10.01000,0.000114286
10.02000,2.23574e-07,10.02000,0.000114286
10.03000,2.23574e-07,10.03000,0.000114286
10.04000,2.23574e-07,10.04000,0.000114286
10.05000,2.23574e-07,10.05000,0.000114286
10.06000,2.23574e-07,10.06000,0.000114286
10.07000,2.23574e-07,10.07000,0.000114286
10.08000,2.23574e-07,10.08000,0.000114286
10.09000,2.23574e-07,10.09000,0.000114286
10.10000,2.23574e-07,10.10000,0.000114286
10.11000,2.23574e-07,10.11000,0.000114286
10.12000,2.23574e-07,10.12000,0.000114286
10.13000,2.23574e-07,10.13000,0.000114286
10.14000,2.23574e-07,10.14000,0.000114286
10.15000,2.23574e-07,10.15000,0.000114286
10.16000,2.23574e-07,10.16000,0.000114286
10.17000,2.23574e-07,10.17000,0.000114286
10.18000,2.23574e-07,10.18000,0.000114286
10.19000,2.23574e-07,10.19000,0.000114286
10.20000,2.23574e-07,10.20000,0.000114286
10.21000,2.23574e-07,10.21000,0.000114286
10.22000,2.23574e-07,10.22000,0.000114286
10.23000,2.23574e-07,10.23000,0.000114286
10.24000,2.23574e-07,10.24000,0.000114286
10.25000,2.23574e-07,10.25000,0.000114286
10.26000,2.23574e-07,10.26000,0.000114286
10.27000,2.23574e-07,10.27000,0.000114286
10.28000,2.23574e-07,10.28000,0.000114286
10.29000,2.23574e-07,10.29000,0.000114286
10.30000,2.23574e-07,10.30000,0.000114286
10.31000,2.23574e-07,10.31000,0.000114286
10.32000,2.23574e-07,10.32000,0.000114286
10.33000,2.23574e-07,10.33000,0.000114286
10.34000,2.23574e-07,10.34000,0.000114286
10.35000,2.23574e-07,10.35000,0.000114286
10.36000,2.23574e-07,10.36000,0.000114286
10.37000,2.23574e-07,10.37000,0.000114286
10.38000,2.23574e-07,10.38000,0.000114286
10.39000,2.23574e-07,10.39000,0.000114286
10.40000,2.23574e-07,10.40000,0.000114286
10.41000,2.23574e-07,10.41000,0.000114286
10.42000,2.23574e-07,10.42000,0.000114286
10.43000,2.23574e-07,10.43000,0.000114286
10.44000,2.23574e-07,10.44000,0.000114286
10.45000,2.23574e-07,10.45000,0.000114286
10.46000,2.23574e-07,10.46000,0.000114286
10.47000,2.23574e-07,10.47000,0.000114286
10.48000,2.23574e-07,10.48000,0.000114286
10.49000,2.23574e-07,10.49000,0.000114286
10.50000,2.23574e-07,10.50000,0.000114286
10.51000,2.23574e-07,10.51000,0.000114286
10.52000,2.23574e-07,10.52000,0.000114286
10.53000,2.23574e-07,10.53000,0.000114286
10.54000,2.23574e-07,10.54000,0.000114286
10.55000,2.23574e-07,10.55000,0.000114286
10.56000,2.23574e-07,10.56000,0.000114286
10.57000,2.23574e-07,10.57000,0.000114286
10.58000,2.23574e-07,10.58000,0.000114286
10.59000,2.23574e-07,10.59000,0.000114286
10.60000,2.23574e-07,10.60000,0.000114286
10.61000,2.23574e-07,10.61000,0.000114286
10.62000,2.23574e-07,10.62000,0.000114286
10.63000,2.23574e-07,10.63000,0.000114286
10.64000,2.23574e-07,10.64000,0.000114286
10.65000,2.23574e-07,10.65000,0.000114286
10.66000,2.23574e-07,10.66000,0.000114286
10.67000,2.23574e-07,10.67000,0.000114286
10.68000,2.23574e-07,10.68000,0.000114286
10.69000,2.23574e-07,10.69000,0.000114286
10.70000,2.23574e-07,10.70000,0.000114286
10.71000,2.23574e-07,10.71000,0.000114286
10.72000,2.23574e-07,10.72000,0.000114286
10.73000,2.23574e-07,10.73000,0.000114286
10.74000,2.23574e-07,10.74000,0.000114286
10.75000,2.23574e-07,10.75000,0.000114286
10.76000,2.23574e-07,10.76000,0.000114286
10.77000,2.23574e-07,10.77000,0.000114286
10.78000,2.23574e-07,10.78000,0.000114286
10.79000,2.23574e-07,10.79000,0.000114286
10.80000,2.23574e-07,10.80000,0.000114286
10.81000,2.23574e-07,10.81000,0.000114286
10.82000,2.23574e-07,10.82000,0.000114286
10.83000,2.23574e-07,10.83000,0.000114286
10.84000,2.23574e-07,10.84000,0.000114286
10.85000,2.23574e-07,10.85000,0.000114286
10.86000,2.23574e-07,10.86000,0.000114286
10.87000,2.23574e-07,10.87000,0.000114286
10.88000,2.23574e-07,10.88000,0.000114286
10.89000,2.23574e-07,10.89000,0.000114286
10.90000,2.23574e-07,10.90000,0.000114286
10.91000,2.23574e-07,10.91000,0.000114286
10.92000,2.23574e-07,10.92000,0.000114286
10.93000,2.23574e-07,10.93000,0.000114286
10.94000,2.23574e-07,10.94000,0.000114286
10.95000,2.23574e-07,10.95000,0.000114286
10.96000,2.23574e-07,10.96000,0.000114286
10.97000,2.23574e-07,10.97000,0.000114286
10.98000,2.23574e-07,10.98000,0.000114286
10.99000,2.23574e-07,10.99000,0.000114286
11.00000,2.23574e-07,11.00000,0.000114286
11.01000,2.23574e-07,11.01000,0.000114286
11.02000,2.23574e-07,11.02000,0.000114286
11.03000,2.23574e-07,11.03000,0.000114286
11.04000,2.23574e-07,11.04000,0.000114286
11.05000,2.23574e-07,11.05000,0.000114286
11.06000,2.23574e-07,11.06000,0.000114286
11.07000,2.23574e-07,11.07000,0.000114286
11.08000,2.23574e-07,11.08000,0.000114286
11.09000,2.23574e-07,11.09000,0.000114286
11.10000,2.23574e-07,11.10000,0.000114286
11.11000,2.23574e-07,11.11000,0.000114286
11.12000,2.23574e-07,11.12000,0.000114286
11.13000,2.23574e-07,11.13000,0.000114286
11.14000,2.23574e-07,11.14000,0.000114286
11.15000,2.23574e-07,11.15000,0.000114286
11.16000,2.23574e-07,11.16000,0.000114286
11.17000,2.23574e-07,11.17000,0.000114286
11.18000,2.23574e-07,11.18000,0.000114286
11.19000,2.23574e-07,11.19000,0.000114286
11.20000,2.23574e-07,11.20000,0.000114286
11.21000,2.23574e-07,11.21000,0.000114286
11.22000,2.23574e-07,11.22000,0.000114286
11.23000,2.23574e-07,11.23000,0.000114286
11.24000,2.23574e-07,11.24000,0.000114286
11.25000,2.23574e-07,11.25000,0.000114286
11.26000,2.23574e-07,11.26000,0.000114286
11.27000,2.23574e-07,11.27000,0.000114286
11.28000,2.23574e-07,11.28000,0.000114286
11.29000,2.23574e-07,11.29000,0.000114286
11.30000,2.23574e-07,11.30000,0.000114286
11.31000,2.23574e-07,11.31000,0.000114286
11.32000,2.23574e-07,11.32000,0.000114286
11.33000,2.23574e-07,11.33000,0.000114286
11.34000,2.23574e-07,11.34000,0.000114286
11.35000,2.23574e-07,11.35000,0.000114286
11.36000,2.23574e-07,11.36000,0.000114286
11.37000,2.23574e-07,11.37000,0.000114286
11.38000,2.23574e-07,11.38000,0.000114286
11.39000,2.23574e-07,11.39000,0.000114286
11.40000,2.23574e-07,11.40000,0.000114286
11.41000,2.23574e-07,11.41000,0.000114286
11.42000,2.23574e-07,11.42000,0.000114286
11.43000,2.23574e-07,11.43000,0.000114286
11.44000,2.23574e-07,11.44000,0.000114286
11.45000,2.23574e-07,11.45000,0.000114286
11.46000,2.23574e-07,11.46000,0.000114286
11.47000,2.23574e-07,11.47000,0.000114286
11.48000,2.23574e-07,11.48000,0.000114286
11.49000,2.23574e-07,11.49000,0.000114286
11.50000,2.23574e-07,11.50000,0.000114286
11.51000,2.23574e-07,11.51000,0.000114286
11.52000,2.23574e-07,11.52000,0.000114286
11.53000,2.23574e-07,11.53000,0.000114286
11.54000,2.23574e-07,11.54000,0.000114286
11.55000,2.23574e-07,11.55000,0.000114286
11.56000,2.23574e-07,11.56000,0.000114286
11.57000,2.23574e-07,11.57000,0.000114286
11.58000,2.23574e-07,11.58000,0.000114286
11.59000,2.23574e-07,11.59000,0.000114286
11.60000,2.23574e-07,11.60000,0.000114286
11.61000,2.23574e-07,11.61000,0.000114286
11.62000,2.23574e-07,11.62000,0.000114286
11.63000,2.23574e-07,11.63000,0.000114286
11.64000,2.23574e-07,11.64000,0.000114286
11.65000,2.23574e-07,11.65000,0.000114286
11.66000,2.23574e-07,11.66000,0.000114286
11.67000,2.23574e-07,11.67000,0.000114286
11.68000,2.23574e-07,11.68000,0.000114286
11.69000,2.23574e-07,11.69000,0.000114286
11.70000,2.23574e-07,11.70000,0.000114286
11.71000,2.23574e-07,11.71000,0.000114286
11.72000,2.23574e-07,11.72000,0.000114286
11.73000,2.23574e-07,11.73000,0.000114286
11.74000,2.23574e-07,11.74000,0.000114286
11.75000,2.23574e-07,11.75000,0.000114286
11.76000,2.23574e-07,11.76000,0.000114286
11.77000,2.23574e-07,11.77000,0.000114286
11.78000,2.23574e-07,11.78000,0.000114286
11.79000,2.23574e-07,11.79000,0.000114286
11.80000,2.23574e-07,11.80000,0.000114286
11.81000,2.23574e-07,11.81000,0.000114286
11.82000,2.23574e-07,11.82000,0.000114286
11.83000,2.23574e-07,11.83000,0.000114286
11.84000,2.23574e-07,11.84000,0.000114286
11.85000,2.23574e-07,11.85000,0.000114286
11.86000,2.23574e-07,11.86000,0.000114286
11.87000,2.23574e-07,11.87000,0.000114286
11.88000,2.23574e-07,11.88000,0.000114286
11.89000,2.23574e-07,11.89000,0.000114286
11.90000,2.23574e-07,11.90000,0.000114286
11.91000,2.23574e-07,11.91000,0.000114286
11.92000,2.23574e-07,11.92000,0.000114286
11.93000,2.23574e-07,11.93000,0.000114286
11.94000,2.23574e-07,11.94000,0.000114286
11.95000,2.23574e-07,11.95000,0.000114286
11.96000,2.23574e-07,11.96000,0.000114286
11.97000,2.23574e-07,11.97000,0.000114286
11.98000,2.23574e-07,11.98000,0.000114286
11.99000,2.23574e-07,11.99000,0.000114286
12.00000,2.23574e-07,12.00000,0.000114286
12.01000,2.23574e-07,12.01000,0.000114286
12.02000,2.23574e-07,12.02000,0.000114286
12.03000,2.23574e-07,12.03000,0.000114286
12.04000,2.23574e-07,12.04000,0.000114286
12.05000,2.23574e-07,12.05000,0.000114286
12.06000,2.23574e-07,12.06000,0.000114286
12.07000,2.23574e-07,12.07000,0.000114286
12.08000,2.23574e-07,12.08000,0.000114286
12.09000,2.23574e-07,12.09000,0.000114286
12.10000,2.23574e-07,12.10000,0.000114286
12.11000,2.23574e-07,12.11000,0.000114286
12.12000,2.23574e-07,12.12000,0.000114286
12.13000,2.23574e-07,12.13000,0.000114286
12.14000,2.23574e-07,12.14000,0.000114286
12.15000,2.23574e-07,12.15000,0.000114286
12.16000,2.23574e-07,12.16000,0.000114286
12.17000,2.23574e-07,12.17000,0.000114286
12.18000,2.23574e-07,12.18000,0.000114286
12.19000,2.23574e-07,12.19000,0.000114286
12.20000,2.23574e-07,12.20000,0.000114286
12.21000,2.23574e-07,12.21000,0.000114286
12.22000,2.23574e-07,12.22000,0.000114286
12.23000,2.23574e-07,12.23000,0.000114286
12.24000,2.23574e-07,12.24000,0.000114286
12.25000,2.23574e-07,12.25000,0.000114286
12.26000,2.23574e-07,12.26000,0.000114286
12.27000,2.23574e-07,12.27000,0.000114286
12.28000,2.23574e-07,12.28000,0.000114286
12.29000,2.23574e-07,12.29000,0.000114286
12.30000,2.23574e-07,12.30000,0.000114286
12.31000,2.23574e-07,12.31000,0.000114286
12.32000,2.23574e-07,12.32000,0.000114286
12.33000,2.23574e-07,12.33000,0.000114286
12.34000,2.23574e-07,12.34000,0.000114286
12.35000,2.23574e-07,12.35000,0.000114286
12.36000,2.23574e-07,12.36000,0.000114286
12.37000,2.23574e-07,12.37000,0.000114286
12.38000,2.23574e-07,12.38000,0.000114286
12.39000,2.23574e-07,12.39000,0.000114286
12.40000,2.23574e-07,12.40000,0.000114286
12.41000,2.23574e-07,12.41000,0.000114286
12.42000,2.23574e-07,12.42000,0.000114286
12.43000,2.23574e-07,12.43000,0.000114286
12.44000,2.23574e-07,12.44000,0.000114286
12.45000,2.23574e-07,12.45000,0.000114286
12.46000,2.23574e-07,12.46000,0.000114286
12.47000,2.23574e-07,12.47000,0.000114286
12.48000,2.23574e-07,12.48000,0.000114286
12.49000,2.23574e-07,12.49000,0.000114286
12.50000,2.23574e-07,12.50000,0.000114286
12.51000,2.23574e-07,12.51000,0.000114286
12.52000,2.23574e-07,12.52000,0.000114286
12.53000,2.23574e-07,12.53000,0.000114286
12.54000,2.23574e-07,12.54000,0.000114286
12.55000,2.23574e-07,12.55000,0.000114286
12.56000,2.23574e-07,12.56000,0.000114286
12.57000,2.23574e-07,12.57000,0.000114286
12.58000,2.23574e-07,12.58000,0.000114286
12.59000,2.23574e-07,12.59000,0.000114286
12.60000,2.23574e-07,12.60000,0.000114286
12.61000,2.23574e-07,12.61000,0.000114286
12.62000,2.23574e-07,12.62000,0.000114286
12.63000,2.23574e-07,12.63000,0.000114286
12.64000,2.23574e-07,12.64000,0.000114286
12.65000,2.23574e-07,12.65000,0.000114286
12.66000,2.23574e-07,12.66000,0.000114286
12.67000,2.23574e-07,12.67000,0.000114286
12.68000,2.23574e-07,12.68000,0.000114286
12.69000,2.23574e-07,12.69000,0.000114286
12.70000,2.23574e-07,12.70000,0.000114286
12.71000,2.23574e-07,12.71000,0.000114286
12.72000,2.23574e-07,12.72000,0.000114286
12.73000,2.23574e-07,12.73000,0.000114286
12.74000,2.23574e-07,12.74000,0.000114286
12.75000,2.23574e-07,12.75000,0.000114286
12.76000,2.23574e-07,12.76000,0.000114286
12.77000,2.23574e-07,12.77000,0.000114286
12.78000,2.23574e-07,12.78000,0.000114286
12.79000,2.23574e-07,12.79000,0.000114286
12.80000,2.23574e-07,12.80000,0.000114286
12.81000,2.23574e-07,12.81000,0.000114286
12.82000,2.23574e-07,12.82000,0.000114286
12.83000,2.23574e-07,12.83000,0.000114286
12.84000,2.23574e-07,12.84000,0.000114286
12.85000,2.23574e-07,12.85000,0.000114286
12.86000,2.23574e-07,12.86000,0.000114286
12.87000,2.23574e-07,12.87000,0.000114286
12.88000,2.23574e-07,12.88000,0.000114286
12.89000,2.23574e-07,12.89000,0.000114286
12.90000,2.23574e-07,12.90000,0.000114286
12.91000,2.23574e-07,12.91000,0.000114286
12.92000,2.23574e-07,12.92000,0.000114286
12.93000,2.23574e-07,12.93000,0.000114286
12.94000,2.23574e-07,12.94000,0.000114286
12.95000,2.23574e-07,12.95000,0.000114286
12.96000,2.23574e-07,12.96000,0.000114286
12.97000,2.23574e-07,12.97000,0.000114286
12.98000,2.23574e-07,12.98000,0.000114286
12.99000,2.23574e-07,12.99000,0.000114286
13.00000,2.23574e-07,13.00000,0.000114286
13.01000,2.23574e-07,13.01000,0.000114286
13.02000,2.23574e-07,13.02000,0.000114286
13.03000,2.23574e-07,13.03000,0.000114286
13.04000,2.23574e-07,13.04000,0.000114286
13.05000,2.23574e-07,13.05000,0.000114286
13.06000,2.23574e-07,13.06000,0.000114286
13.07000,2.23574e-07,13.07000,0.000114286
13.08000,2.23574e-07,13.08000,0.000114286
13.09000,2.23574e-07,13.09000,0.000114286
13.10000,2.23574e-07,13.10000,0.000114286
13.11000,2.23574e-07,13.11000,0.000114286
13.12000,2.23574e-07,13.12000,0.000114286
13.13000,2.23574e-07,13.13000,0.000114286
13.14000,2.23574e-07,13.14000,0.000114286
13.15000,2.23574e-07,13.15000,0.000114286
13.16000,2.23574e-07,13.16000,0.000114286
13.17000,2.23574e-07,13.17000,0.000114286
13.18000,2.23574e-07,13.18000,0.000114286
13.19000,2.23574e-07,13.19000,0.000114286
13.20000,2.23574e-07,13.20000,0.000114286
13.21000,2.23574e-07,13.21000,0.000114286
13.22000,2.23574e-07,13.22000,0.000114286
13.23000,2.23574e-07,13.23000,0.000114286
13.24000,2.23574e-07,13.24000,0.000114286
13.25000,2.23574e-07,13.25000,0.000114286
13.26000,2.23574e-07,13.26000,0.000114286
13.27000,2.23574e-07,13.27000,0.000114286
13.28000,2.23574e-07,13.28000,0.000114286
13.29000,2.23574e-07,13.29000,0.000114286
13.30000,2.23574e-07,13.30000,0.000114286
13.31000,2.23574e-07,13.31000,0.000114286
13.32000,2.23574e-07,13.32000,0.000114286
13.33000,2.23574e-07,13.33000,0.000114286
13.34000,2.23574e-07,13.34000,0.000114286
13.35000,2.23574e-07,13.35000,0.000114286
13.36000,2.23574e-07,13.36000,0.000114286
13.37000,2.23574e-07,13.37000,0.000114286
13.38000,2.23574e-07,13.38000,0.000114286
13.39000,2.23574e-07,13.39000,0.000114286
13.40000,2.23574e-07,13.40000,0.000114286
13.41000,2.23574e-07,13.41000,0.000114286
13.42000,2.23574e-07,13.42000,0.000114286
13.43000,2.23574e-07,13.43000,0.000114286
13.44000,2.23574e-07,13.44000,0.000114286
13.45000,2.23574e-07,13.45000,0.000114286
13.46000,2.23574e-07,13.46000,0.000114286
13.47000,2.23574e-07,13.47000,0.000114286
13.48000,2.23574e-07,13.48000,0.000114286
13.49000,2.23574e-07,13.49000,0.000114286
13.50000,2.23574e-07,13.50000,0.000114286
13.51000,2.23574e-07,13.51000,0.000114286
13.52000,2.23574e-07,13.52000,0.000114286
13.53000,2.23574e-07,13.53000,0.000114286
13.54000,2.23574e-07,13.54000,0.000114286
13.55000,2.23574e-07,13.55000,0.000114286
13.56000,2.23574e-07,13.56000,0.000114286
13.57000,2.23574e-07,13.57000,0.000114286
13.58000,2.23574e-07,13.58000,0.000114286
13.59000,2.23574e-07,13.59000,0.000114286
13.60000,2.23574e-07,13.60000,0.000114286
13.61000,2.23574e-07,13.61000,0.000114286
13.62000,2.23574e-07,13.62000,0.000114286
13.63000,2.23574e-07,13.63000,0.000114286
13.64000,2.23574e-07,13.64000,0.000114286
13.65000,2.23574e-07,13.65000,0.000114286
13.66000,2.23574e-07,13.66000,0.000114286
13.67000,2.23574e-07,13.67000,0.000114286
13.68000,2.23574e-07,13.68000,0.000114286
13.69000,2.23574e-07,13.69000,0.000114286
13.70000,2.23574e-07,13.70000,0.000114286
13.71000,2.23574e-07,13.71000,0.000114286
13.72000,2.23574e-07,13.72000,0.000114286
13.73000,2.23574e-07,13.73000,0.000114286
13.74000,2.23574e-07,13.74000,0.000114286
13.75000,2.23574e-07,13.75000,0.000114286
13.76000,2.23574e-07,13.76000,0.000114286
13.77000,2.23574e-07,13.77000,0.000114286
13.78000,2.23574e-07,13.78000,0.000114286
13.79000,2.23574e-07,13.79000,0.000114286
13.80000,2.23574e-07,13.80000,0.000114286
13.81000,2.23574e-07,13.81000,0.000114286
13.82000,2.23574e-07,13.82000,0.000114286
13.83000,2.23574e-07,13.83000,0.000114286
13.84000,2.23574e-07,13.84000,0.000114286
13.85000,2.23574e-07,13.85000,0.000114286
13.86000,2.23574e-07,13.86000,0.000114286
13.87000,2.23574e-07,13.87000,0.000114286
13.88000,2.23574e-07,13.88000,0.000114286
13.89000,2.23574e-07,13.89000,0.000114286
13.90000,2.23574e-07,13.90000,0.000114286
13.91000,2.23574e-07,13.91000,0.000114286
13.92000,2.23574e-07,13.92000,0.000114286
13.93000,2.23574e-07,13.93000,0.000114286
13.94000,2.23574e-07,13.94000,0.000114286
13.95000,2.23574e-07,13.95000,0.000114286
13.96000,2.23574e-07,13.96000,0.000114286
13.97000,2.23574e-07,13.97000,0.000114286
13.98000,2.23574e-07,13.98000,0.000114286
13.99000,2.23574e-07,13.99000,0.000114286
14.00000,2.23574e-07,14.00000,0.000114286
14.01000,2.23574e-07,14.01000,0.000114286
14.02000,2.23574e-07,14.02000,0.000114286
14.03000,2.23574e-07,14.03000,0.000114286
14.04000,2.23574e-07,14.04000,0.000114286
14.05000,2.23574e-07,14.05000,0.000114286
14.06000,2.23574e-07,14.06000,0.000114286
14.07000,2.23574e-07,14.07000,0.000114286
14.08000,2.23574e-07,14.08000,0.000114286
14.09000,2.23574e-07,14.09000,0.000114286
14.10000,2.23574e-07,14.10000,0.000114286
14.11000,2.23574e-07,14.11000,0.000114286
14.12000,2.23574e-07,14.12000,0.000114286
14.13000,2.23574e-07,14.13000,0.000114286
14.14000,2.23574e-07,14.14000,0.000114286
14.15000,2.23574e-07,14.15000,0.000114286
14.16000,2.23574e-07,14.16000,0.000114286
14.17000,2.23574e-07,14.17000,0.000114286
14.18000,2.23574e-07,14.18000,0.000114286
14.19000,2.23574e-07,14.19000,0.000114286
14.20000,2.23574e-07,14.20000,0.000114286
14.21000,2.23574e-07,14.21000,0.000114286
14.22000,2.23574e-07,14.22000,0.000114286
14.23000,2.23574e-07,14.23000,0.000114286
14.24000,2.23574e-07,14.24000,0.000114286
14.25000,2.23574e-07,14.25000,0.000114286
14.26000,2.23574e-07,14.26000,0.000114286
14.27000,2.23574e-07,14.27000,0.000114286
14.28000,2.23574e-07,14.28000,0.000114286
14.29000,2.23574e-07,14.29000,0.000114286
14.30000,2.23574e-07,14.30000,0.000114286
14.31000,2.23574e-07,14.31000,0.000114286
14.32000,2.23574e-07,14.32000,0.000114286
14.33000,2.23574e-07,14.33000,0.000114286
14.34000,2.23574e-07,14.34000,0.000114286
14.35000,2.23574e-07,14.35000,0.000114286
14.36000,2.23574e-07,14.36000,0.000114286
14.37000,2.23574e-07,14.37000,0.000114286
14.38000,2.23574e-07,14.38000,0.000114286
14.39000,2.23574e-07,14.39000,0.000114286
14.40000,2.23574e-07,14.40000,0.000114286
14.41000,2.23574e-07,14.41000,0.000114286
14.42000,2.23574e-07,14.42000,0.000114286
14.43000,2.23574e-07,14.43000,0.000114286
14.44000,2.23574e-07,14.44000,0.000114286
14.45000,2.23574e-07,14.45000,0.000114286
14.46000,2.23574e-07,14.46000,0.000114286
14.47000,2.23574e-07,14.47000,0.000114286
14.48000,2.23574e-07,14.48000,0.000114286
14.49000,2.23574e-07,14.49000,0.000114286
14.50000,2.23574e-07,14.50000,0.000114286
14.51000,2.23574e-07,14.51000,0.000114286
14.52000,2.23574e-07,14.52000,0.000114286
14.53000,2.23574e-07,14.53000,0.000114286
14.54000,2.23574e-07,14.54000,0.000114286
14.55000,2.23574e-07,14.55000,0.000114286
14.56000,2.23574e-07,14.56000,0.000114286
14.57000,2.23574e-07,14.57000,0.000114286
14.58000,2.23574e-07,14.58000,0.000114286
14.59000,2.23574e-07,14.59000,0.000114286
14.60000,2.23574e-07,14.60000,0.000114286
14.61000,2.23574e-07,14.61000,0.000114286
14.62000,2.23574e-07,14.62000,0.000114286
14.63000,2.23574e-07,14.63000,0.000114286
14.64000,2.23574e-07,14.64000,0.000114286
14.65000,2.23574e-07,14.65000,0.000114286
14.66000,2.23574e-07,14.66000,0.000114286
14.67000,2.23574e-07,14.67000,0.000114286
14.68000,2.23574e-07,14.68000,0.000114286
14.69000,2.23574e-07,14.69000,0.000114286
14.70000,2.23574e-07,14.70000,0.000114286
14.71000,2.23574e-07,14.71000,0.000114286
14.72000,2.23574e-07,14.72000,0.000114286
14.73000,2.23574e-07,14.73000,0.000114286
14.74000,2.23574e-07,14.74000,0.000114286
14.75000,2.23574e-07,14.75000,0.000114286
14.76000,2.23574e-07,14.76000,0.000114286
14.77000,2.23574e-07,14.77000,0.000114286
14.78000,2.23574e-07,14.78000,0.000114286
14.79000,2.23574e-07,14.79000,0.000114286
14.80000,2.23574e-07,14.80000,0.000114286
14.81000,2.23574e-07,14.81000,0.000114286
14.82000,2.23574e-07,14.82000,0.000114286
14.83000,2.23574e-07,14.83000,0.000114286
14.84000,2.23574e-07,14.84000,0.000114286
14.85000,2.23574e-07,14.85000,0.000114286
14.86000,2.23574e-07,14.86000,0.000114286
14.87000,2.23574e-07,14.87000,0.000114286
14.88000,2.23574e-07,14.88000,0.000114286
14.89000,2.23574e-07,14.89000,0.000114286
14.90000,2.23574e-07,14.90000,0.000114286
14.91000,2.23574e-07,14.91000,0.000114286
14.92000,2.23574e-07,14.92000,0.000114286
14.93000,2.23574e-07,14.93000,0.000114286
14.94000,2.23574e-07,14.94000,0.000114286
14.95000,2.23574e-07,14.95000,0.000114286
14.96000,2.23574e-07,14.96000,0.000114286
14.97000,2.23574e-07,14.97000,0.000114286
14.98000,2.23574e-07,14.98000,0.000114286
14.99000,2.23574e-07,14.99000,0.000114286
15.00000,2.23574e-07,15.00000,0.000114286
15.01000,2.23574e-07,15.01000,0.000114286
15.02000,2.23574e-07,15.02000,0.000114286
15.03000,2.23574e-07,15.03000,0.000114286
15.04000,2.23574e-07,15.04000,0.000114286
15.05000,2.23574e-07,15.05000,0.000114286
15.06000,2.23574e-07,15.06000,0.000114286
15.07000,2.23574e-07,15.07000,0.000114286
15.08000,2.23574e-07,15.08000,0.000114286
15.09000,2.23574e-07,15.09000,0.000114286
15.10000,2.23574e-07,15.10000,0.000114286
15.11000,2.23574e-07,15.11000,0.000114286
15.12000,2.23574e-07,15.12000,0.000114286
15.13000,2.23574e-07,15.13000,0.000114286
15.14000,2.23574e-07,15.14000,0.000114286
15.15000,2.23574e-07,15.15000,0.000114286
15.16000,2.23574e-07,15.16000,0.000114286
15.17000,2.23574e-07,15.17000,0.000114286
15.18000,2.23574e-07,15.18000,0.000114286
15.19000,2.23574e-07,15.19000,0.000114286
15.20000,2.23574e-07,15.20000,0.000114286
15.21000,2.23574e-07,15.21000,0.000114286
15.22000,2.23574e-07,15.22000,0.000114286
15.23000,2.23574e-07,15.23000,0.000114286
15.24000,2.23574e-07,15.24000,0.000114286
15.25000,2.23574e-07,15.25000,0.000114286
15.26000,2.23574e-07,15.26000,0.000114286
15.27000,2.23574e-07,15.27000,0.000114286
15.28000,2.23574e-07,15.28000,0.000114286
15.29000,2.23574e-07,15.29000,0.000114286
15.30000,2.23574e-07,15.30000,0.000114286
15.31000,2.23574e-07,15.31000,0.000114286
15.32000,2.23574e-07,15.32000,0.000114286
15.33000,2.23574e-07,15.33000,0.000114286
15.34000,2.23574e-07,15.34000,0.000114286
15.35000,2.23574e-07,15.35000,0.000114286
15.36000,2.23574e-07,15.36000,0.000114286
15.37000,2.23574e-07,15.37000,0.000114286
15.38000,2.23574e-07,15.38000,0.000114286
15.39000,2.23574e-07,15.39000,0.000114286
15.40000,2.23574e-07,15.40000,0.000114286
15.41000,2.23574e-07,15.41000,0.000114286
15.42000,2.23574e-07,15.42000,0.000114286
15.43000,2.23574e-07,15.43000,0.000114286
15.44000,2.23574e-07,15.44000,0.000114286
15.45000,2.23574e-07,15.45000,0.000114286
15.46000,2.23574e-07,15.46000,0.000114286
15.47000,2.23574e-07,15.47000,0.000114286
15.48000,2.23574e-07,15.48000,0.000114286
15.49000,2.23574e-07,15.49000,0.000114286
15.50000,2.23574e-07,15.50000,0.000114286
15.51000,2.23574e-07,15.51000,0.000114286
15.52000,2.23574e-07,15.52000,0.000114286
15.53000,2.23574e-07,15.53000,0.000114286
15.54000,2.23574e-07,15.54000,0.000114286
15.55000,2.23574e-07,15.55000,0.000114286
15.56000,2.23574e-07,15.56000,0.000114286
15.57000,2.23574e-07,15.57000,0.000114286
15.58000,2.23574e-07,15.58000,0.000114286
15.59000,2.23574e-07,15.59000,0.000114286
15.60000,2.23574e-07,15.60000,0.000114286
15.61000,2.23574e-07,15.61000,0.000114286
15.62000,2.23574e-07,15.62000,0.000114286
15.63000,2.23574e-07,15.63000,0.000114286
15.64000,2.23574e-07,15.64000,0.000114286
15.65000,2.23574e-07,15.65000,0.000114286
15.66000,2.23574e-07,15.66000,0.000114286
15.67000,2.23574e-07,15.67000,0.000114286
15.68000,2.23574e-07,15.68000,0.000114286
15.69000,2.23574e-07,15.69000,0.000114286
15.70000,2.23574e-07,15.70000,0.000114286
15.71000,2.23574e-07,15.71000,0.000114286
15.72000,2.23574e-07,15.72000,0.000114286
15.73000,2.23574e-07,15.73000,0.000114286
15.74000,2.23574e-07,15.74000,0.000114286
15.75000,2.23574e-07,15.75000,0.000114286
15.76000,2.23574e-07,15.76000,0.000114286
15.77000,2.23574e-07,15.77000,0.000114286
15.78000,2.23574e-07,15.78000,0.000114286
15.79000,2.23574e-07,15.79000,0.000114286
15.80000,2.23574e-07,15.80000,0.000114286
15.81000,2.23574e-07,15.81000,0.000114286
15.82000,2.23574e-07,15.82000,0.000114286
15.83000,2.23574e-07,15.83000,0.000114286
15.84000,2.23574e-07,15.84000,0.000114286
15.85000,2.23574e-07,15.85000,0.000114286
15.86000,2.23574e-07,15.86000,0.000114286
15.87000,2.23574e-07,15.87000,0.000114286
15.88000,2.23574e-07,15.88000,0.000114286
15.89000,2.23574e-07,15.89000,0.000114286
15.90000,2.23574e-07,15.90000,0.000114286
15.91000,2.23574e-07,15.91000,0.000114286
15.92000,2.23574e-07,15.92000,0.000114286
15.93000,2.23574e-07,15.93000,0.000114286
15.94000,2.23574e-07,15.94000,0.000114286
15.95000,2.23574e-07,15.95000,0.000114286
15.96000,2.23574e-07,15.96000,0.000114286
15.97000,2.23574e-07,15.97000,0.000114286
15.98000,2.23574e-07,15.98000,0.000114286
15.99000,2.23574e-07,15.99000,0.000114286
16.00000,2.23574e-07,16.00000,0.000114286
16.01000,2.23574e-07,16.01000,0.000114286
16.02000,2.23574e-07,16.02000,0.000114286
16.03000,2.23574e-07,16.03000,0.000114286
16.04000,2.23574e-07,16.04000,0.000114286
16.05000,2.23574e-07,16.05000,0.000114286
16.06000,2.23574e-07,16.06000,0.000114286
16.07000,2.23574e-07,16.07000,0.000114286
16.08000,2.23574e-07,16.08000,0.000114286
16.09000,2.23574e-07,16.09000,0.000114286
16.10000,2.23574e-07,16.10000,0.000114286
16.11000,2.23574e-07,16.11000,0.000114286
16.12000,2.23574e-07,16.12000,0.000114286
16.13000,2.23574e-07,16.13000,0.000114286
16.14000,2.23574e-07,16.14000,0.000114286
16.15000,2.23574e-07,16.15000,0.000114286
16.16000,2.23574e-07,16.16000,0.000114286
16.17000,2.23574e-07,16.17000,0.000114286
16.18000,2.23574e-07,16.18000,0.000114286
16.19000,2.23574e-07,16.19000,0.000114286
16.20000,2.23574e-07,16.20000,0.000114286
16.21000,2.23574e-07,16.21000,0.000114286
16.22000,2.23574e-07,16.22000,0.000114286
16.23000,2.23574e-07,16.23000,0.000114286
16.24000,2.23574e-07,16.24000,0.000114286
16.25000,2.23574e-07,16.25000,0.000114286
16.26000,2.23574e-07,16.26000,0.000114286
16.27000,2.23574e-07,16.27000,0.000114286
16.28000,2.23574e-07,16.28000,0.000114286
16.29000,2.23574e-07,16.29000,0.000114286
16.30000,2.23574e-07,16.30000,0.000114286
16.31000,2.23574e-07,16.31000,0.000114286
16.32000,2.23574e-07,16.32000,0.000114286
16.33000,2.23574e-07,16.33000,0.000114286
16.34000,2.23574e-07,16.34000,0.000114286
16.35000,2.23574e-07,16.35000,0.000114286
16.36000,2.23574e-07,16.36000,0.000114286
16.37000,2.23574e-07,16.37000,0.000114286
16.38000,2.23574e-07,16.38000,0.000114286
16.39000,2.23574e-07,16.39000,0.000114286
16.40000,2.23574e-07,16.40000,0.000114286
16.41000,2.23574e-07,16.41000,0.000114286
16.42000,2.23574e-07,16.42000,0.000114286
16.43000,2.23574e-07,16.43000,0.000114286
16.44000,2.23574e-07,16.44000,0.000114286
16.45000,2.23574e-07,16.45000,0.000114286
16.46000,2.23574e-07,16.46000,0.000114286
16.47000,2.23574e-07,16.47000,0.000114286
16.48000,2.23574e-07,16.48000,0.000114286
16.49000,2.23574e-07,16.49000,0.000114286
16.50000,2.23574e-07,16.50000,0.000114286
16.51000,2.23574e-07,16.51000,0.000114286
16.52000,2.23574e-07,16.52000,0.000114286
16.53000,2.23574e-07,16.53000,0.000114286
16.54000,2.23574e-07,16.54000,0.000114286
16.55000,2.23574e-07,16.55000,0.000114286
16.56000,2.23574e-07,16.56000,0.000114286
16.57000,2.23574e-07,16.57000,0.000114286
16.58000,2.23574e-07,16.58000,0.000114286
16.59000,2.23574e-07,16.59000,0.000114286
16.60000,2.23574e-07,16.60000,0.000114286
16.61000,2.23574e-07,16.61000,0.000114286
16.62000,2.23574e-07,16.62000,0.000114286
16.63000,2.23574e-07,16.63000,0.000114286
16.64000,2.23574e-07,16.64000,0.000114286
16.65000,2.23574e-07,16.65000,0.000114286
16.66000,2.23574e-07,16.66000,0.000114286
16.67000,2.23574e-07,16.67000,0.000114286
16.68000,2.23574e-07,16.68000,0.000114286
16.69000,2.23574e-07,16.69000,0.000114286
16.70000,2.23574e-07,16.70000,0.000114286
16.71000,2.23574e-07,16.71000,0.000114286
16.72000,2.23574e-07,16.72000,0.000114286
16.73000,2.23574e-07,16.73000,0.000114286
16.74000,2.23574e-07,16.74000,0.000114286
16.75000,2.23574e-07,16.75000,0.000114286
16.76000,2.23574e-07,16.76000,0.000114286
16.77000,2.23574e-07,16.77000,0.000114286
16.78000,2.23574e-07,16.78000,0.000114286
16.79000,2.23574e-07,16.79000,0.000114286
16.80000,2.23574e-07,16.80000,0.000114286
16.81000,2.23574e-07,16.81000,0.000114286
16.82000,2.23574e-07,16.82000,0.000114286
16.83000,2.23574e-07,16.83000,0.000114286
16.84000,2.23574e-07,16.84000,0.000114286
16.85000,2.23574e-07,16.85000,0.000114286
16.86000,2.23574e-07,16.86000,0.000114286
16.87000,2.23574e-07,16.87000,0.000114286
16.88000,2.23574e-07,16.88000,0.000114286
16.89000,2.23574e-07,16.89000,0.000114286
16.90000,2.23574e-07,16.90000,0.000114286
16.91000,2.23574e-07,16.91000,0.000114286
16.92000,2.23574e-07,16.92000,0.000114286
16.93000,2.23574e-07,16.93000,0.000114286
16.94000,2.23574e-07,16.94000,0.000114286
16.95000,2.23574e-07,16.95000,0.000114286
16.96000,2.23574e-07,16.96000,0.000114286
16.97000,2.23574e-07,16.97000,0.000114286
16.98000,2.23574e-07,16.98000,0.000114286
16.99000,2.23574e-07,16.99000,0.000114286
17.00000,2.23574e-07,17.00000,0.000114286
17.01000,2.23574e-07,17.01000,0.000114286
17.02000,2.23574e-07,17.02000,0.000114286
17.03000,2.23574e-07,17.03000,0.000114286
17.04000,2.23574e-07,17.04000,0.000114286
17.05000,2.23574e-07,17.05000,0.000114286
17.06000,2.23574e-07,17.06000,0.000114286
17.07000,2.23574e-07,17.07000,0.000114286
17.08000,2.23574e-07,17.08000,0.000114286
17.09000,2.23574e-07,17.09000,0.000114286
17.10000,2.23574e-07,17.10000,0.000114286
17.11000,2.23574e-07,17.11000,0.000114286
17.12000,2.23574e-07,17.12000,0.000114286
17.13000,2.23574e-07,17.13000,0.000114286
17.14000,2.23574e-07,17.14000,0.000114286
17.15000,2.23574e-07,17.15000,0.000114286
17.16000,2.23574e-07,17.16000,0.000114286
17.17000,2.23574e-07,17.17000,0.000114286
17.18000,2.23574e-07,17.18000,0.000114286
17.19000,2.23574e-07,17.19000,0.000114286
17.20000,2.23574e-07,17.20000,0.000114286
17.21000,2.23574e-07,17.21000,0.000114286
17.22000,2.23574e-07,17.22000,0.000114286
17.23000,2.23574e-07,17.23000,0.000114286
17.24000,2.23574e-07,17.24000,0.000114286
17.25000,2.23574e-07,17.25000,0.000114286
17.26000,2.23574e-07,17.26000,0.000114286
17.27000,2.23574e-07,17.27000,0.000114286
17.28000,2.23574e-07,17.28000,0.000114286
17.29000,2.23574e-07,17.29000,0.000114286
17.30000,2.23574e-07,17.30000,0.000114286
17.31000,2.23574e-07,17.31000,0.000114286
17.32000,2.23574e-07,17.32000,0.000114286
17.33000,2.23574e-07,17.33000,0.000114286
17.34000,2.23574e-07,17.34000,0.000114286
17.35000,2.23574e-07,17.35000,0.000114286
17.36000,2.23574e-07,17.36000,0.000114286
17.37000,2.23574e-07,17.37000,0.000114286
17.38000,2.23574e-07,17.38000,0.000114286
17.39000,2.23574e-07,17.39000,0.000114286
17.40000,2.23574e-07,17.40000,0.000114286
17.41000,2.23574e-07,17.41000,0.000114286
17.42000,2.23574e-07,17.42000,0.000114286
17.43000,2.23574e-07,17.43000,0.000114286
17.44000,2.23574e-07,17.44000,0.000114286
17.45000,2.23574e-07,17.45000,0.000114286
17.46000,2.23574e-07,17.46000,0.000114286
17.47000,2.23574e-07,17.47000,0.000114286
17.48000,2.23574e-07,17.48000,0.000114286
17.49000,2.23574e-07,17.49000,0.000114286
17.50000,2.23574e-07,17.50000,0.000114286
17.51000,2.23574e-07,17.51000,0.000114286
17.52000,2.23574e-07,17.52000,0.000114286
17.53000,2.23574e-07,17.53000,0.000114286
17.54000,2.23574e-07,17.54000,0.000114286
17.55000,2.23574e-07,17.55000,0.000114286
17.56000,2.23574e-07,17.56000,0.000114286
17.57000,2.23574e-07,17.57000,0.000114286
17.58000,2.23574e-07,17.58000,0.000114286
17.59000,2.23574e-07,17.59000,0.000114286
17.60000,2.23574e-07,17.60000,0.000114286
17.61000,2.23574e-07,17.61000,0.000114286
17.62000,2.23574e-07,17.62000,0.000114286
17.63000,2.23574e-07,17.63000,0.000114286
17.64000,2.23574e-07,17.64000,0.000114286
17.65000,2.23574e-07,17.65000,0.000114286
17.66000,2.23574e-07,17.66000,0.000114286
17.67000,2.23574e-07,17.67000,0.000114286
17.68000,2.23574e-07,17.68000,0.000114286
17.69000,2.23574e-07,17.69000,0.000114286
17.70000,2.23574e-07,17.70000,0.000114286
17.71000,2.23574e-07,17.71000,0.000114286
17.72000,2.23574e-07,17.72000,0.000114286
17.73000,2.23574e-07,17.73000,0.000114286
17.74000,2.23574e-07,17.74000,0.000114286
17.75000,2.23574e-07,17.75000,0.000114286
17.76000,2.23574e-07,17.76000,0.000114286
17.77000,2.23574e-07,17.77000,0.000114286
17.78000,2.23574e-07,17.78000,0.000114286
17.79000,2.23574e-07,17.79000,0.000114286
17.80000,2.23574e-07,17.80000,0.000114286
17.81000,2.23574e-07,17.81000,0.000114286
17.82000,2.23574e-07,17.82000,0.000114286
17.83000,2.23574e-07,17.83000,0.000114286
17.84000,2.23574e-07,17.84000,0.000114286
17.85000,2.23574e-07,17.85000,0.000114286
17.86000,2.23574e-07,17.86000,0.000114286
17.87000,2.23574e-07,17.87000,0.000114286
17.88000,2.23574e-07,17.88000,0.000114286
17.89000,2.23574e-07,17.89000,0.000114286
17.90000,2.23574e-07,17.90000,0.000114286
17.91000,2.23574e-07,17.91000,0.000114286
17.92000,2.23574e-07,17.92000,0.000114286
17.93000,2.23574e-07,17.93000,0.000114286
17.94000,2.23574e-07,17.94000,0.000114286
17.95000,2.23574e-07,17.95000,0.000114286
17.96000,2.23574e-07,17.96000,0.000114286
17.97000,2.23574e-07,17.97000,0.000114286
17.98000,2.23574e-07,17.98000,0.000114286
17.99000,2.23574e-07,17.99000,0.000114286
18.00000,2.23574e-07,18.00000,0.000114286
18.01000,2.23574e-07,18.01000,0.000114286
18.02000,2.23574e-07,18.02000,0.000114286
18.03000,2.23574e-07,18.03000,0.000114286
18.04000,2.23574e-07,18.04000,0.000114286
18.05000,2.23574e-07,18.05000,0.000114286
18.06000,2.23574e-07,18.06000,0.000114286
18.07000,2.23574e-07,18.07000,0.000114286
18.08000,2.23574e-07,18.08000,0.000114286
18.09000,2.23574e-07,18.09000,0.000114286
18.10000,2.23574e-07,18.10000,0.000114286
18.11000,2.23574e-07,18.11000,0.000114286
18.12000,2.23574e-07,18.12000,0.000114286
18.13000,2.23574e-07,18.13000,0.000114286
18.14000,2.23574e-07,18.14000,0.000114286
18.15000,2.23574e-07,18.15000,0.000114286
18.16000,2.23574e-07,18.16000,0.000114286
18.17000,2.23574e-07,18.17000,0.000114286
18.18000,2.23574e-07,18.18000,0.000114286
18.19000,2.23574e-07,18.19000,0.000114286
18.20000,2.23574e-07,18.20000,0.000114286
18.21000,2.23574e-07,18.21000,0.000114286
18.22000,2.23574e-07,18.22000,0.000114286
18.23000,2.23574e-07,18.23000,0.000114286
18.24000,2.23574e-07,18.24000,0.000114286
18.25000,2.23574e-07,18.25000,0.000114286
18.26000,2.23574e-07,18.26000,0.000114286
18.27000,2.23574e-07,18.27000,0.000114286
18.28000,2.23574e-07,18.28000,0.000114286
18.29000,2.23574e-07,18.29000,0.000114286
18.30000,2.23574e-07,18.30000,0.000114286
18.31000,2.23574e-07,18.31000,0.000114286
18.32000,2.23574e-07,18.32000,0.000114286
18.33000,2.23574e-07,18.33000,0.000114286
18.34000,2.23574e-07,18.34000,0.000114286
18.35000,2.23574e-07,18.35000,0.000114286
18.36000,2.23574e-07,18.36000,0.000114286
18.37000,2.23574e-07,18.37000,0.000114286
18.38000,2.23574e-07,18.38000,0.000114286
18.39000,2.23574e-07,18.39000,0.000114286
18.40000,2.23574e-07,18.40000,0.000114286
18.41000,2.23574e-07,18.41000,0.000114286
18.42000,2.23574e-07,18.42000,0.000114286
18.43000,2.23574e-07,18.43000,0.000114286
18.44000,2.23574e-07,18.44000,0.000114286
18.45000,2.23574e-07,18.45000,0.000114286
18.46000,2.23574e-07,18.46000,0.000114286
18.47000,2.23574e-07,18.47000,0.000114286
18.48000,2.23574e-07,18.48000,0.000114286
18.49000,2.23574e-07,18.49000,0.000114286
18.50000,2.23574e-07,18.50000,0.000114286
18.51000,2.23574e-07,18.51000,0.000114286
18.52000,2.23574e-07,18.52000,0.000114286
18.53000,2.23574e-07,18.53000,0.000114286
18.54000,2.23574e-07,18.54000,0.000114286
18.55000,2.23574e-07,18.55000,0.000114286
18.56000,2.23574e-07,18.56000,0.000114286
18.57000,2.23574e-07,18.57000,0.000114286
18.58000,2.23574e-07,18.58000,0.000114286
18.59000,2.23574e-07,18.59000,0.000114286
18.60000,2.23574e-07,18.60000,0.000114286
18.61000,2.23574e-07,18.61000,0.000114286
18.62000,2.23574e-07,18.62000,0.000114286
18.63000,2.23574e-07,18.63000,0.000114286
18.64000,2.23574e-07,18.64000,0.000114286
18.65000,2.23574e-07,18.65000,0.000114286
18.66000,2.23574e-07,18.66000,0.000114286
18.67000,2.23574e-07,18.67000,0.000114286
18.68000,2.23574e-07,18.68000,0.000114286
18.69000,2.23574e-07,18.69000,0.000114286
18.70000,2.23574e-07,18.70000,0.000114286
18.71000,2.23574e-07,18.71000,0.000114286
18.72000,2.23574e-07,18.72000,0.000114286
18.73000,2.23574e-07,18.73000,0.000114286
18.74000,2.23574e-07,18.74000,0.000114286
18.75000,2.23574e-07,18.75000,0.000114286
18.76000,2.23574e-07,18.76000,0.000114286
18.77000,2.23574e-07,18.77000,0.000114286
18.78000,2.23574e-07,18.78000,0.000114286
18.79000,2.23574e-07,18.79000,0.000114286
18.80000,2.23574e-07,18.80000,0.000114286
18.81000,2.23574e-07,18.81000,0.000114286
18.82000,2.23574e-07,18.82000,0.000114286
18.83000,2.23574e-07,18.83000,0.000114286
18.84000,2.23574e-07,18.84000,0.000114286
18.85000,2.23574e-07,18.85000,0.000114286
18.86000,2.23574e-07,18.86000,0.000114286
18.87000,2.23574e-07,18.87000,0.000114286
18.88000,2.23574e-07,18.88000,0.000114286
18.89000,2.23574e-07,18.89000,0.000114286
18.90000,2.23574e-07,18.90000,0.000114286
18.91000,2.23574e-07,18.91000,0.000114286
18.92000,2.23574e-07,18.92000,0.000114286
18.93000,2.23574e-07,18.93000,0.000114286
18.94000,2.23574e-07,18.94000,0.000114286
18.95000,2.23574e-07,18.95000,0.000114286
18.96000,2.23574e-07,18.96000,0.000114286
18.97000,2.23574e-07,18.97000,0.000114286
18.98000,2.23574e-07,18.98000,0.000114286
18.99000,2.23574e-07,18.99000,0.000114286
19.00000,2.23574e-07,19.00000,0.000114286
19.01000,2.23574e-07,19.01000,0.000114286
19.02000,2.23574e-07,19.02000,0.000114286
19.03000,2.23574e-07,19.03000,0.000114286
19.04000,2.23574e-07,19.04000,0.000114286
19.05000,2.23574e-07,19.05000,0.000114286
19.06000,2.23574e-07,19.06000,0.000114286
19.07000,2.23574e-07,19.07000,0.000114286
19.08000,2.23574e-07,19.08000,0.000114286
19.09000,2.23574e-07,19.09000,0.000114286
19.10000,2.23574e-07,19.10000,0.000114286
19.11000,2.23574e-07,19.11000,0.000114286
19.12000,2.23574e-07,19.12000,0.000114286
19.13000,2.23574e-07,19.13000,0.000114286
19.14000,2.23574e-07,19.14000,0.000114286
19.15000,2.23574e-07,19.15000,0.000114286
19.16000,2.23574e-07,19.16000,0.000114286
19.17000,2.23574e-07,19.17000,0.000114286
19.18000,2.23574e-07,19.18000,0.000114286
19.19000,2.23574e-07,19.19000,0.000114286
19.20000,2.23574e-07,19.20000,0.000114286
19.21000,2.23574e-07,19.21000,0.000114286
19.22000,2.23574e-07,19.22000,0.000114286
19.23000,2.23574e-07,19.23000,0.000114286
19.24000,2.23574e-07,19.24000,0.000114286
19.25000,2.23574e-07,19.25000,0.000114286
19.26000,2.23574e-07,19.26000,0.000114286
19.27000,2.23574e-07,19.27000,0.000114286
19.28000,2.23574e-07,19.28000,0.000114286
19.29000,2.23574e-07,19.29000,0.000114286
19.30000,2.23574e-07,19.30000,0.000114286
19.31000,2.23574e-07,19.31000,0.000114286
19.32000,2.23574e-07,19.32000,0.000114286
19.33000,2.23574e-07,19.33000,0.000114286
19.34000,2.23574e-07,19.34000,0.000114286
19.35000,2.23574e-07,19.35000,0.000114286
19.36000,2.23574e-07,19.36000,0.000114286
19.37000,2.23574e-07,19.37000,0.000114286
19.38000,2.23574e-07,19.38000,0.000114286
19.39000,2.23574e-07,19.39000,0.000114286
19.40000,2.23574e-07,19.40000,0.000114286
19.41000,2.23574e-07,19.41000,0.000114286
19.42000,2.23574e-07,19.42000,0.000114286
19.43000,2.23574e-07,19.43000,0.000114286
19.44000,2.23574e-07,19.44000,0.000114286
19.45000,2.23574e-07,19.45000,0.000114286
19.46000,2.23574e-07,19.46000,0.000114286
19.47000,2.23574e-07,19.47000,0.000114286
19.48000,2.23574e-07,19.48000,0.000114286
19.49000,2.23574e-07,19.49000,0.000114286
19.50000,2.23574e-07,19.50000,0.000114286
19.51000,2.23574e-07,19.51000,0.000114286
19.52000,2.23574e-07,19.52000,0.000114286
19.53000,2.23574e-07,19.53000,0.000114286
19.54000,2.23574e-07,19.54000,0.000114286
19.55000,2.23574e-07,19.55000,0.000114286
19.56000,2.23574e-07,19.56000,0.000114286
19.57000,2.23574e-07,19.57000,0.000114286
19.58000,2.23574e-07,19.58000,0.000114286
19.59000,2.23574e-07,19.59000,0.000114286
19.60000,2.23574e-07,19.60000,0.000114286
19.61000,2.23574e-07,19.61000,0.000114286
19.62000,2.23574e-07,19.62000,0.000114286
19.63000,2.23574e-07,19.63000,0.000114286
19.64000,2.23574e-07,19.64000,0.000114286
19.65000,2.23574e-07,19.65000,0.000114286
19.66000,2.23574e-07,19.66000,0.000114286
19.67000,2.23574e-07,19.67000,0.000114286
19.68000,2.23574e-07,19.68000,0.000114286
19.69000,2.23574e-07,19.69000,0.000114286
19.70000,2.23574e-07,19.70000,0.000114286
19.71000,2.23574e-07,19.71000,0.000114286
19.72000,2.23574e-07,19.72000,0.000114286
19.73000,2.23574e-07,19.73000,0.000114286
19.74000,2.23574e-07,19.74000,0.000114286
19.75000,2.23574e-07,19.75000,0.000114286
19.76000,2.23574e-07,19.76000,0.000114286
19.77000,2.23574e-07,19.77000,0.000114286
19.78000,2.23574e-07,19.78000,0.000114286
19.79000,2.23574e-07,19.79000,0.000114286
19.80000,2.23574e-07,19.80000,0.000114286
19.81000,2.23574e-07,19.81000,0.000114286
19.82000,2.23574e-07,19.82000,0.000114286
19.83000,2.23574e-07,19.83000,0.000114286
19.84000,2.23574e-07,19.84000,0.000114286
19.85000,2.23574e-07,19.85000,0.000114286
19.86000,2.23574e-07,19.86000,0.000114286
19.87000,2.23574e-07,19.87000,0.000114286
19.88000,2.23574e-07,19.88000,0.000114286
19.89000,2.23574e-07,19.89000,0.000114286
19.90000,2.23574e-07,19.90000,0.000114286
19.91000,2.23574e-07,19.91000,0.000114286
19.92000,2.23574e-07,19.92000,0.000114286
19.93000,2.23574e-07,19.93000,0.000114286
19.94000,2.23574e-07,19.94000,0.000114286
19.95000,2.23574e-07,19.95000,0.000114286
19.96000,2.23574e-07,19.96000,0.000114286
19.97000,2.23574e-07,19.97000,0.000114286
19.98000,2.23574e-07,19.98000,0.000114286
19.99000,2.23574e-07,19.99000,0.000114286
20.00000,2.23574e-07,20.00000,0.000114286
20.01000,2.23574e-07,20.01000,0.000114286
20.02000,2.23574e-07,20.02000,0.000114286
20.03000,2.23574e-07,20.03000,0.000114286
20.04000,2.23574e-07,20.04000,0.000114286
20.05000,2.23574e-07,20.05000,0.000114286
20.06000,2.23574e-07,20.06000,0.000114286
20.07000,2.23574e-07,20.07000,0.000114286
20.08000,2.23574e-07,20.08000,0.000114286
20.09000,2.23574e-07,20.09000,0.000114286
20.10000,2.23574e-07,20.10000,0.000114286
20.11000,2.23574e-07,20.11000,0.000114286
20.12000,2.23574e-07,20.12000,0.000114286
20.13000,2.23574e-07,20.13000,0.000114286
20.14000,2.23574e-07,20.14000,0.000114286
20.15000,2.23574e-07,20.15000,0.000114286
20.16000,2.23574e-07,20.16000,0.000114286
20.17000,2.23574e-07,20.17000,0.000114286
20.18000,2.23574e-07,20.18000,0.000114286
20.19000,2.23574e-07,20.19000,0.000114286
20.20000,2.23574e-07,20.20000,0.000114286
20.21000,2.23574e-07,20.21000,0.000114286
20.22000,2.23574e-07,20.22000,0.000114286
20.23000,2.23574e-07,20.23000,0.000114286
20.24000,2.23574e-07,20.24000,0.000114286
20.25000,2.23574e-07,20.25000,0.000114286
20.26000,2.23574e-07,20.26000,0.000114286
20.27000,2.23574e-07,20.27000,0.000114286
20.28000,2.23574e-07,20.28000,0.000114286
20.29000,2.23574e-07,20.29000,0.000114286
20.30000,2.23574e-07,20.30000,0.000114286
20.31000,2.23574e-07,20.31000,0.000114286
20.32000,2.23574e-07,20.32000,0.000114286
20.33000,2.23574e-07,20.33000,0.000114286
20.34000,2.23574e-07,20.34000,0.000114286
20.35000,2.23574e-07,20.35000,0.000114286
20.36000,2.23574e-07,20.36000,0.000114286
20.37000,2.23574e-07,20.37000,0.000114286
20.38000,2.23574e-07,20.38000,0.000114286
20.39000,2.23574e-07,20.39000,0.000114286
20.40000,2.23574e-07,20.40000,0.000114286
20.41000,2.23574e-07,20.41000,0.000114286
20.42000,2.23574e-07,20.42000,0.000114286
20.43000,2.23574e-07,20.43000,0.000114286
20.44000,2.23574e-07,20.44000,0.000114286
