t, A_conc,t, B_conc
0.00000,0.997426,0.00000,0.990008
0.01000,1.988,0.01000,1.95407
0.02000,1.98115,0.02000,1.929
0.03000,1.97545,0.03000,1.90853
0.04000,1.97031,0.04000,1.89035
0.05000,1.96519,0.05000,1.87271
0.06000,1.96006,0.06000,1.85519
0.07000,1.95494,0.07000,1.83818
0.08000,1.94954,0.08000,1.82109
0.09000,1.94356,0.09000,1.80384
0.10000,1.93699,0.10000,1.78636
0.11000,1.92994,0.11000,1.76869
0.12000,1.92292,0.12000,1.75147
0.13000,1.9159,0.13000,1.73438
0.14000,1.90891,0.14000,1.71784
0.15000,1.90192,0.15000,1.70142
0.16000,1.89495,0.16000,1.6854
0.17000,1.88799,0.17000,1.66961
0.18000,1.88104,0.18000,1.65409
0.19000,1.87424,0.19000,1.63901
0.20000,1.86752,0.20000,1.62414
0.21000,1.86228,0.21000,1.6109
0.22000,1.85722,0.22000,1.5979
0.23000,1.85216,0.23000,1.58523
0.24000,1.84711,0.24000,1.57268
0.25000,1.84206,0.25000,1.56035
0.26000,1.83701,0.26000,1.54822
0.27000,1.83197,0.27000,1.53623
0.28000,1.82693,0.28000,1.5245
0.29000,1.82189,0.29000,1.51283
0.30000,1.81686,0.30000,1.50148
0.31000,1.81183,0.31000,1.49019
0.32000,1.8068,0.32000,1.47913
0.33000,1.80178,0.33000,1.4682
0.34000,1.79676,0.34000,1.45742
0.35000,1.79174,0.35000,1.44683
0.36000,1.78673,0.36000,1.43634
0.37000,1.78172,0.37000,1.42607
0.38000,1.77671,0.38000,1.41587
0.39000,1.77171,0.39000,1.40589
0.40000,1.76671,0.40000,1.39599
0.41000,1.76171,0.41000,1.38626
0.42000,1.75672,0.42000,1.37666
0.43000,1.75173,0.43000,1.36716
0.44000,1.74675,0.44000,1.35784
0.45000,1.74176,0.45000,1.34857
0.46000,1.73679,0.46000,1.33952
0.47000,1.73181,0.47000,1.33052
0.48000,1.72684,0.48000,1.32168
0.49000,1.71878,0.49000,1.31293
0.50000,1.70686,0.50000,1.3043
0.51000,1.69496,0.51000,1.2958
0.52000,1.68307,0.52000,1.28737
0.53000,1.67122,0.53000,1.2791
0.54000,1.65938,0.54000,1.27088
0.55000,1.64757,0.55000,1.26282
0.56000,1.63577,0.56000,1.25482
0.57000,1.624,0.57000,1.24694
0.58000,1.61225,0.58000,1.23916
0.59000,1.60052,0.59000,1.23145
0.60000,1.58883,0.60000,1.22387
0.61000,1.57714,0.61000,1.21633
0.62000,1.56549,0.62000,1.20895
0.63000,1.55385,0.63000,1.20161
0.64000,1.54225,0.64000,1.19439
0.65000,1.53066,0.65000,1.18723
0.66000,1.5191,0.66000,1.18016
0.67000,1.50757,0.67000,1.17319
0.68000,1.49605,0.68000,1.16626
0.69000,1.48457,0.69000,1.15947
0.70000,1.4731,0.70000,1.1527
0.71000,1.46167,0.71000,1.14606
0.72000,1.45026,0.72000,1.13946
0.73000,1.43888,0.73000,1.13295
0.74000,1.42752,0.74000,1.12652
0.75000,1.41618,0.75000,1.12014
0.76000,1.40488,0.76000,1.11386
0.77000,1.39359,0.77000,1.1076
0.78000,1.38235,0.78000,1.10147
0.79000,1.37112,0.79000,1.09537
0.80000,1.35993,0.80000,1.08936
0.81000,1.34876,0.81000,1.0834
0.82000,1.33761,0.82000,1.0775
0.83000,1.3265,0.83000,1.07168
0.84000,1.31541,0.84000,1.0659
0.85000,1.30436,0.85000,1.06021
0.86000,1.29292,0.86000,1.05435
0.87000,1.27829,0.87000,1.04697
0.88000,1.2637,0.88000,1.03967
0.89000,1.2492,0.89000,1.03253
0.90000,1.23469,0.90000,1.02538
0.91000,1.22377,0.91000,1.02013
0.92000,1.21299,0.92000,1.01494
0.93000,1.20221,0.93000,1.00975
0.94000,1.19151,0.94000,1.0047
0.95000,1.18083,0.95000,0.999674
0.96000,1.17015,0.96000,0.994649
0.97000,1.15954,0.97000,0.989724
0.98000,1.14896,0.98000,0.984855
0.99000,1.13839,0.99000,0.979985
1.00000,1.12786,1.00000,0.975187
1.01000,1.11739,1.01000,0.970465
1.02000,1.10692,1.02000,0.965742
1.03000,1.09648,1.03000,0.961066
1.04000,1.08612,1.04000,0.956485
1.05000,1.07576,1.05000,0.951904
1.06000,1.06542,1.06000,0.947344
1.07000,1.05517,1.07000,0.942898
1.08000,1.04492,1.08000,0.938452
1.09000,1.03467,1.09000,0.934005
1.10000,1.02454,1.10000,0.929688
1.11000,1.01441,1.11000,0.925371
1.12000,1.00428,1.12000,0.921053
1.13000,0.994246,1.13000,0.91684
1.14000,0.984233,1.14000,0.912646
1.15000,0.97422,1.15000,0.908452
1.16000,0.96429,1.16000,0.904338
1.17000,0.954399,1.17000,0.900263
1.18000,0.944509,1.18000,0.896187
1.19000,0.934684,1.19000,0.89217
1.20000,0.92492,1.20000,0.888208
1.21000,0.915156,1.21000,0.884246
1.22000,0.905438,1.22000,0.880323
1.23000,0.895804,1.23000,0.876469
1.24000,0.886169,1.24000,0.872616
1.25000,0.876561,1.25000,0.868783
1.26000,0.86706,1.26000,0.865033
1.27000,0.857559,1.27000,0.861284
1.28000,0.848063,1.28000,0.857539
1.29000,0.838699,1.29000,0.85389
1.30000,0.829335,1.30000,0.850241
1.31000,0.819971,1.31000,0.846591
1.32000,0.81073,1.32000,0.843027
1.33000,0.801507,1.33000,0.839474
1.34000,0.792284,1.34000,0.835921
1.35000,0.783164,1.35000,0.832434
1.36000,0.774086,1.36000,0.828974
1.37000,0.765007,1.37000,0.825514
1.38000,0.756011,1.38000,0.822103
1.39000,0.747081,1.39000,0.818731
1.40000,0.738151,1.40000,0.81536
1.41000,0.729281,1.41000,0.812022
1.42000,0.720503,1.42000,0.808736
1.43000,0.711725,1.43000,0.80545
1.44000,0.702984,1.44000,0.802183
1.45000,0.694362,1.45000,0.79898
1.46000,0.68574,1.46000,0.795776
1.47000,0.677175,1.47000,0.792579
1.48000,0.669321,1.48000,0.789454
1.49000,0.661466,1.49000,0.78633
1.50000,0.653612,1.50000,0.783206
1.51000,0.649742,1.51000,0.780151
1.52000,0.646249,1.52000,0.777103
1.53000,0.642757,1.53000,0.774056
1.54000,0.639285,1.54000,0.771063
1.55000,0.635821,1.55000,0.768089
1.56000,0.632357,1.56000,0.765115
1.57000,0.628909,1.57000,0.762183
1.58000,0.625474,1.58000,0.759279
1.59000,0.622038,1.59000,0.756376
1.60000,0.618615,1.60000,0.753503
1.61000,0.615209,1.61000,0.750668
1.62000,0.611802,1.62000,0.747833
1.63000,0.608404,1.63000,0.745016
1.64000,0.605026,1.64000,0.742248
1.65000,0.601649,1.65000,0.739479
1.66000,0.598275,1.66000,0.736718
1.67000,0.594928,1.67000,0.734013
1.68000,0.59158,1.68000,0.731308
1.69000,0.588232,1.69000,0.728604
1.70000,0.584913,1.70000,0.725958
1.71000,0.581595,1.71000,0.723315
1.72000,0.578277,1.72000,0.720672
1.73000,0.574983,1.73000,0.718076
1.74000,0.571696,1.74000,0.715492
1.75000,0.568408,1.75000,0.712909
1.76000,0.565139,1.76000,0.710362
1.77000,0.561882,1.77000,0.707836
1.78000,0.558625,1.78000,0.70531
1.79000,0.555382,1.79000,0.70281
1.80000,0.552155,1.80000,0.70034
1.81000,0.548928,1.81000,0.69787
1.82000,0.545711,1.82000,0.695416
1.83000,0.542515,1.83000,0.693
1.84000,0.53932,1.84000,0.690584
1.85000,0.536128,1.85000,0.688176
1.86000,0.532964,1.86000,0.685811
1.87000,0.529799,1.87000,0.683447
1.88000,0.526635,1.88000,0.681083
1.89000,0.523501,1.89000,0.678769
1.90000,0.520368,1.90000,0.676456
1.91000,0.517235,1.91000,0.674142
1.92000,0.514128,1.92000,0.671869
1.93000,0.511026,1.93000,0.669604
1.94000,0.507924,1.94000,0.667339
1.95000,0.504844,1.95000,0.665106
1.96000,0.501774,1.96000,0.662889
1.97000,0.498705,1.97000,0.660672
1.98000,0.495651,1.98000,0.658478
1.99000,0.492614,1.99000,0.656306
2.00000,0.489576,2.00000,0.654135
2.01000,0.48655,2.01000,0.651979
2.02000,0.483545,2.02000,0.649852
2.03000,0.48054,2.03000,0.647725
2.04000,0.477541,2.04000,0.645606
2.05000,0.474568,2.05000,0.643522
2.06000,0.471595,2.06000,0.641438
2.07000,0.468624,2.07000,0.639356
2.08000,0.465684,2.08000,0.637314
2.09000,0.462744,2.09000,0.635272
2.10000,0.459804,2.10000,0.63323
2.11000,0.456893,2.11000,0.631223
2.12000,0.453987,2.12000,0.629222
2.13000,0.45108,2.13000,0.62722
2.14000,0.448197,2.14000,0.625247
2.15000,0.445323,2.15000,0.623285
2.16000,0.44245,2.16000,0.621323
2.17000,0.439594,2.17000,0.619382
2.18000,0.436754,2.18000,0.617458
2.19000,0.433914,2.19000,0.615535
2.20000,0.431087,2.20000,0.613625
2.21000,0.428281,2.21000,0.611739
2.22000,0.425474,2.22000,0.609852
2.23000,0.422675,2.23000,0.607974
2.24000,0.419903,2.24000,0.606123
2.25000,0.41713,2.25000,0.604273
2.26000,0.41436,2.26000,0.602425
2.27000,0.411621,2.27000,0.600609
2.28000,0.408883,2.28000,0.598794
2.29000,0.406144,2.29000,0.596979
2.30000,0.403436,2.30000,0.595194
2.31000,0.400732,2.31000,0.593413
2.32000,0.398027,2.32000,0.591632
2.33000,0.395348,2.33000,0.589875
2.34000,0.392678,2.34000,0.588127
2.35000,0.390008,2.35000,0.586379
2.36000,0.387358,2.36000,0.584649
2.37000,0.384723,2.37000,0.582934
2.38000,0.382087,2.38000,0.581218
2.39000,0.379466,2.39000,0.579515
2.40000,0.376865,2.40000,0.57783
2.41000,0.374264,2.41000,0.576146
2.42000,0.371454,2.42000,0.57433
2.43000,0.368048,2.43000,0.572138
2.44000,0.364641,2.44000,0.569945
2.45000,0.361243,2.45000,0.56776
2.46000,0.357919,2.46000,0.565636
2.47000,0.354595,2.47000,0.563512
2.48000,0.351271,2.48000,0.561389
2.49000,0.347947,2.49000,0.559265
2.50000,0.345414,2.50000,0.557655
2.51000,0.342983,2.51000,0.556111
2.52000,0.340552,2.52000,0.554567
2.53000,0.338121,2.53000,0.553023
2.54000,0.33569,2.54000,0.55148
2.55000,0.333276,2.55000,0.549948
2.56000,0.330907,2.56000,0.548451
2.57000,0.328539,2.57000,0.546955
2.58000,0.32617,2.58000,0.545458
2.59000,0.323801,2.59000,0.543961
2.60000,0.321433,2.60000,0.542464
2.61000,0.319105,2.61000,0.540996
2.62000,0.316799,2.62000,0.539544
2.63000,0.314492,2.63000,0.538092
2.64000,0.312186,2.64000,0.536639
2.65000,0.30988,2.65000,0.535187
2.66000,0.307576,2.66000,0.533736
2.67000,0.305332,2.67000,0.532327
2.68000,0.303089,2.68000,0.530917
2.69000,0.300845,2.69000,0.529508
2.70000,0.298601,2.70000,0.528099
2.71000,0.296358,2.71000,0.526689
2.72000,0.29414,2.72000,0.525297
2.73000,0.291959,2.73000,0.523928
2.74000,0.289778,2.74000,0.52256
2.75000,0.287597,2.75000,0.521191
2.76000,0.285416,2.76000,0.519823
2.77000,0.283235,2.77000,0.518454
2.78000,0.281103,2.78000,0.517117
2.79000,0.278985,2.79000,0.515787
2.80000,0.276866,2.80000,0.514458
2.81000,0.274748,2.81000,0.513129
2.82000,0.272629,2.82000,0.5118
2.83000,0.270521,2.83000,0.510477
2.84000,0.268465,2.84000,0.509185
2.85000,0.266409,2.85000,0.507893
2.86000,0.264353,2.86000,0.506601
2.87000,0.262297,2.87000,0.505309
2.88000,0.26024,2.88000,0.504018
2.89000,0.258219,2.89000,0.502746
2.90000,0.256225,2.90000,0.50149
2.91000,0.254231,2.91000,0.500234
2.92000,0.252236,2.92000,0.498978
2.93000,0.250242,2.93000,0.497722
2.94000,0.248248,2.94000,0.496467
2.95000,0.246312,2.95000,0.495243
2.96000,0.24438,2.96000,0.494022
2.97000,0.242448,2.97000,0.4928
2.98000,0.240516,2.98000,0.491579
2.99000,0.238583,2.99000,0.490358
3.00000,0.236671,3.00000,0.489147
3.01000,0.2348,3.01000,0.487958
3.02000,0.232929,3.02000,0.48677
3.03000,0.231058,3.03000,0.485582
3.04000,0.229188,3.04000,0.484394
3.05000,0.227317,3.05000,0.483205
3.06000,0.225489,3.06000,0.482039
3.07000,0.223679,3.07000,0.480883
3.08000,0.221869,3.08000,0.479726
3.09000,0.22006,3.09000,0.47857
3.10000,0.21825,3.10000,0.477413
3.11000,0.216445,3.11000,0.476259
3.12000,0.214696,3.12000,0.475133
3.13000,0.212946,3.13000,0.474007
3.14000,0.211197,3.14000,0.472881
3.15000,0.209448,3.15000,0.471755
3.16000,0.207699,3.16000,0.470629
3.17000,0.205977,3.17000,0.469517
3.18000,0.204288,3.18000,0.46842
3.19000,0.202598,3.19000,0.467323
3.20000,0.200909,3.20000,0.466227
3.21000,0.199219,3.21000,0.46513
3.22000,0.19753,3.22000,0.464033
3.23000,0.19589,3.23000,0.462961
3.24000,0.19426,3.24000,0.461892
3.25000,0.19263,3.25000,0.460824
3.26000,0.191,3.26000,0.459755
3.27000,0.18937,3.27000,0.458687
3.28000,0.187752,3.28000,0.457624
3.29000,0.186181,3.29000,0.456583
3.30000,0.184609,3.30000,0.455542
3.31000,0.183037,3.31000,0.4545
3.32000,0.181465,3.32000,0.453459
3.33000,0.179893,3.33000,0.452418
3.34000,0.178356,3.34000,0.451392
3.35000,0.176842,3.35000,0.450377
3.36000,0.175328,3.36000,0.449362
3.37000,0.173814,3.37000,0.448347
3.38000,0.172299,3.38000,0.447331
3.39000,0.170785,3.39000,0.446316
3.40000,0.169327,3.40000,0.445326
3.41000,0.167869,3.41000,0.444336
3.42000,0.166412,3.42000,0.443346
3.43000,0.164954,3.43000,0.442356
3.44000,0.163496,3.44000,0.441365
3.45000,0.162059,3.45000,0.440384
3.46000,0.160657,3.46000,0.439418
3.47000,0.159256,3.47000,0.438453
3.48000,0.157854,3.48000,0.437487
3.49000,0.156452,3.49000,0.436521
3.50000,0.15505,3.50000,0.435555
3.51000,0.153689,3.51000,0.434607
3.52000,0.152342,3.52000,0.433664
3.53000,0.150995,3.53000,0.432722
3.54000,0.149647,3.54000,0.431779
3.55000,0.1483,3.55000,0.430837
3.56000,0.14696,3.56000,0.429897
3.57000,0.145666,3.57000,0.428977
3.58000,0.144373,3.58000,0.428058
3.59000,0.143079,3.59000,0.427138
3.60000,0.141785,3.60000,0.426218
3.61000,0.140492,3.61000,0.425298
3.62000,0.139225,3.62000,0.424389
3.63000,0.137984,3.63000,0.423491
3.64000,0.136743,3.64000,0.422592
3.65000,0.135501,3.65000,0.421694
3.66000,0.13426,3.66000,0.420796
3.67000,0.133019,3.67000,0.419898
3.68000,0.131824,3.68000,0.419018
3.69000,0.130634,3.69000,0.418141
3.70000,0.129444,3.70000,0.417264
3.71000,0.128254,3.71000,0.416386
3.72000,0.127064,3.72000,0.415509
3.73000,0.125888,3.73000,0.414637
3.74000,0.124748,3.74000,0.41378
3.75000,0.123608,3.75000,0.412923
3.76000,0.122468,3.76000,0.412066
3.77000,0.121328,3.77000,0.411209
3.78000,0.120188,3.78000,0.410352
3.79000,0.11908,3.79000,0.409508
3.80000,0.117989,3.80000,0.408671
3.81000,0.116898,3.81000,0.407833
3.82000,0.115806,3.82000,0.406996
3.83000,0.114715,3.83000,0.406158
3.84000,0.113626,3.84000,0.405322
3.85000,0.112582,3.85000,0.404503
3.86000,0.111538,3.86000,0.403685
3.87000,0.110495,3.87000,0.402866
3.88000,0.109451,3.88000,0.402047
3.89000,0.108407,3.89000,0.401229
3.90000,0.107383,3.90000,0.400418
3.91000,0.106385,3.91000,0.399618
3.92000,0.105387,3.92000,0.398817
3.93000,0.10439,3.93000,0.398017
3.94000,0.103392,3.94000,0.397217
3.95000,0.102394,3.95000,0.396416
3.96000,0.101433,3.96000,0.39563
3.97000,0.10048,3.97000,0.394848
3.98000,0.0995269,3.98000,0.394065
3.99000,0.098574,3.99000,0.393282
4.00000,0.0976212,4.00000,0.3925
4.01000,0.0966761,4.01000,0.39172
4.02000,0.0957667,4.02000,0.390955
4.03000,0.0948572,4.03000,0.390189
4.04000,0.0939477,4.04000,0.389424
4.05000,0.0930382,4.05000,0.388658
4.06000,0.0921287,4.06000,0.387893
4.07000,0.0912429,4.07000,0.387136
4.08000,0.0903754,4.08000,0.386387
4.09000,0.0895079,4.09000,0.385638
4.10000,0.0886404,4.10000,0.384889
4.11000,0.087773,4.11000,0.38414
4.12000,0.0869055,4.12000,0.383391
4.13000,0.0860764,4.13000,0.382657
4.14000,0.0852495,4.14000,0.381924
4.15000,0.0844226,4.15000,0.381191
4.16000,0.0835958,4.16000,0.380458
4.17000,0.0827689,4.17000,0.379725
4.18000,0.0819548,4.18000,0.378997
4.19000,0.0811672,4.19000,0.37828
4.20000,0.0803796,4.20000,0.377562
4.21000,0.0795919,4.21000,0.376845
4.22000,0.0788043,4.22000,0.376127
4.23000,0.0780167,4.23000,0.37541
4.24000,0.0772558,4.24000,0.374703
4.25000,0.076506,4.25000,0.374001
4.26000,0.0757562,4.26000,0.373298
4.27000,0.0750064,4.27000,0.372596
4.28000,0.0742566,4.28000,0.371893
4.29000,0.07351,4.29000,0.371192
4.30000,0.0727966,4.30000,0.370504
4.31000,0.0720833,4.31000,0.369816
4.32000,0.07137,4.32000,0.369128
4.33000,0.0706566,4.33000,0.36844
4.34000,0.0699433,4.34000,0.367752
4.35000,0.0692464,4.35000,0.367071
4.36000,0.0685682,4.36000,0.366397
4.37000,0.0678899,4.37000,0.365723
4.38000,0.0672116,4.38000,0.365049
4.39000,0.0665334,4.39000,0.364376
4.40000,0.0658551,4.40000,0.363702
4.41000,0.0652056,4.41000,0.36304
4.42000,0.064561,4.42000,0.362379
4.43000,0.0639165,4.43000,0.361719
4.44000,0.063272,4.44000,0.361059
4.45000,0.0626274,4.45000,0.360399
4.46000,0.0619904,4.46000,0.359742
4.47000,0.0613783,4.47000,0.359095
4.48000,0.0607661,4.48000,0.358448
4.49000,0.060154,4.49000,0.357801
4.50000,0.0595419,4.50000,0.357154
4.51000,0.0589297,4.51000,0.356508
4.52000,0.0583366,4.52000,0.355869
4.53000,0.0577555,4.53000,0.355235
4.54000,0.0571745,4.54000,0.3546
4.55000,0.0565934,4.55000,0.353966
4.56000,0.0560123,4.56000,0.353332
4.57000,0.0554313,4.57000,0.352698
4.58000,0.0548798,4.58000,0.352077
4.59000,0.0543285,4.59000,0.351455
4.60000,0.0537772,4.60000,0.350834
4.61000,0.0532259,4.61000,0.350212
4.62000,0.0526746,4.62000,0.349591
4.63000,0.052134,4.63000,0.348974
4.64000,0.0516112,4.64000,0.348364
4.65000,0.0510884,4.65000,0.347755
4.66000,0.0505656,4.66000,0.347146
4.67000,0.0500428,4.67000,0.346536
4.68000,0.0495201,4.68000,0.345927
4.69000,0.0490179,4.69000,0.345326
4.70000,0.0485224,4.70000,0.344729
4.71000,0.0480269,4.71000,0.344131
4.72000,0.0475313,4.72000,0.343534
4.73000,0.0470358,4.73000,0.342936
4.74000,0.0465439,4.74000,0.34234
4.75000,0.0460744,4.75000,0.341754
4.76000,0.045605,4.76000,0.341168
4.77000,0.0451355,4.77000,0.340581
4.78000,0.044666,4.78000,0.339995
4.79000,0.0441966,4.79000,0.339409
4.80000,0.0437401,4.80000,0.338829
4.81000,0.0432955,4.81000,0.338254
4.82000,0.0428509,4.82000,0.337679
4.83000,0.0424063,4.83000,0.337104
4.84000,0.0419617,4.84000,0.336529
4.85000,0.0415171,4.85000,0.335953
4.86000,0.041094,4.86000,0.335388
4.87000,0.0406731,4.87000,0.334824
4.88000,0.0402523,4.88000,0.33426
4.89000,0.0398314,4.89000,0.333695
4.90000,0.0394106,4.90000,0.333131
4.91000,0.0389961,4.91000,0.33257
4.92000,0.0385979,4.92000,0.332016
4.93000,0.0381997,4.93000,0.331462
4.94000,0.0378015,4.94000,0.330909
4.95000,0.0374033,4.95000,0.330355
4.96000,0.0370051,4.96000,0.329801
4.97000,0.0366212,4.97000,0.329254
4.98000,0.0362445,4.98000,0.328711
4.99000,0.0358679,4.99000,0.328167
5.00000,0.0354912,5.00000,0.327624
5.01000,0.0351146,5.01000,0.32708
